label x Gender Gender_ID Greek Home_Town In_State Ethnicity Religion Religious like_Math Calculus ACT GPA Party_Hours_per_week Drinks_per_week Sex_Partners Relationships Call_Parents Social_Media Texts Good_or_Well Expected_Income President Illinois_Commitment Family_Income Liberal Political_Party Grade_vs_Learning Parent_Relationship Work_Hours Tuition Career Section
Obs1 1 1 1 0 2 1 5 6 1 8 1 33 3.2 6 6 1 2 4 1 6 2 75 5 6 200 4 2 4 8 0 100 1 1 
Obs2 2 1 1 0 3 1 1 0 9 0 1 20 3 0 0 4 2 2 10 1 10 500 6 10 50 0 0 5 7 10 10 8 1 
Obs3 3 0 0 1 0 1 0 0 5 2 0 19 3 8 5 7 0 5 10 4 7 80 6 9 50 2 0 6 7 5 10 8 1 
Obs4 4 1 1 0 1 1 1 0 5 7 0 24 3.5 5 3 15 2 3 2 5 5 70 5 8 75 4 0 4 8 10 20 3 1 
Obs5 5 1 1 0 3 1 0 7 0 4 1 32 2.1 0 4 9 1 7 2 5 8 105 2 10 30 0 0 6 8 25 0 10 1 
Obs6 6 1 1 0 3 1 0 0 5 7 0 26 3.7 8 12 13 0 2 4 5 8 300 6 3 600 2 0 5 5 0 100 7 1 
Obs7 7 0 0 0 3 1 2 5 7 9 1 25 3.3 7 10 1 1 12 4 4 5 80 5 10 20 5 0 6 8 0 0 2 1 
Obs8 8 1 1 0 3 1 2 0 8 10 1 23 3.9 1 0 5 4 6 2 6 5 80 5 10 21 9 0 5 10 0 0 6 1 
Obs9 9 1 1 1 2 1 0 0 7 7 1 26 3.9 15 7 0 0 2 9 17 5 80 1 6 100 8 1 5 10 0 100 4 1 
Obs10 10 1 1 0 3 1 1 0 6 0 0 22 3.2 12 8 6 4 1 10 6 3 200 5 5 30 4 0 3 8 10 0 6 1 
Obs11 11 1 1 0 0 1 5 7 1 4 1 27 2.9 0 0 0 1 1 2 5 5 16 5 8 58 4 5 5 7 0 20 1 1 
Obs12 12 0 0 1 2 1 0 0 7 6 1 30 3.8 12 39 10 1 1 3 1 5 500 6 5 500 6 1 5 9 0 100 7 1 
Obs13 13 1 1 0 0 1 3 0 1 7 1 28 2.8 5 6 3 2 2 4 6 5 100 1 4 98 5 1 4 7 0 100 7 1 
Obs14 14 0 0 0 2 1 0 6 0 5 0 31 3.8 0 1 10 2 7 2 10 5 60 5 10 10 1 0 8 9 0 100 8 1 
Obs15 15 1 2 0 3 1 2 6 2 6 1 26 3.5 0 0 4 2 1 5 10 1 60 5 10 80 1 0 9 5 0 0 5 1 
Obs16 16 1 1 0 1 1 0 0 2 5 1 33 3.9 4 4 1 2 2 2 5 7 100 5 9 130 3 0 5 10 0 100 0 1 
Obs17 17 1 1 1 2 1 0 1 5 1 0 30 4 9 13 0 1 2 5 20 6 100 5 7 80 1 0 4 6 0 20 1 1 
Obs18 18 1 1 0 1 1 0 6 0 3 1 31 3.8 4 3 2 3 2 6 10 5 80 5 9 110 3 0 3 8 5 90 4 1 
Obs19 19 1 1 0 3 1 1 2 6 5 1 27 3.9 3 0 3 1 10 5 2 7 200 5 5 80 4 0 6 2 5 10 9 1 
Obs20 20 1 1 1 3 1 0 1 4 4 0 26 3.6 10 10 4 1 4 3 6 5 100 2 10 150 1 0 5 8 0 100 7 1 
Obs21 21 1 1 1 2 1 0 0 2 5 1 29 3.7 6 8 0 0 4 4 7 5 60 5 7 110 3 0 3 10 0 90 3 1 
Obs22 22 1 1 0 2 1 0 6 0 8 1 34 4 25 50 4 0 7 1 8 10 110 5 5 115 5 5 1 8 0 80 0 1 
Obs23 23 1 1 1 2 1 5 0 5 3 1 34 3.9 5 7 1 1 0 3 7 8 120 5 4 190 4 2 4 9 0 20 5 1 
Obs24 24 1 1 0 3 1 2 7 0 8 1 32 3.8 6 5 4 2 8 4 9 10 500 5 10 20 0 0 5 10 0 100 10 1 
Obs25 25 0 0 0 2 1 0 7 0 6 0 28 3.9 0 0 1 1 2 3 6 6 100 5 10 36 3 0 6 9 0 10 9 1 
Obs26 26 0 0 0 2 1 0 6 3 3 0 23 3.4 4 6 0 0 1 3 4 7 10000 2 9 300 2 0 7 9 0 80 8 1 
Obs27 27 0 0 0 2 1 3 0 6 3 1 26 3.4 0 0 1 1 0 1 2 4 300 5 6 300 4 1 5 7 0 70 8 1 
Obs28 28 1 1 0 0 1 0 0 8 0 0 28 3.8 8 10 1 1 7 4 5 5 85 5 5 140 4 0 5 10 0 100 5 1 
Obs29 29 1 1 1 2 1 0 0 7 4 0 31 2.8 9 14 9 3 2 1 4 10 100 6 3 110 3 0 7 8 0 100 4 1 
Obs30 30 1 1 0 1 1 0 0 6 2 0 28 3.3 0 0 14 5 5 1 6 3 75 2 10 275 4 1 8 7 0 0 1 1 
Obs31 31 1 1 1 2 1 4 3 5 8 1 32 3.5 10 15 0 0 1 5 6 5 600 5 8 600 1 0 3 9 0 90 9 1 
Obs32 32 1 1 0 3 1 5 6 2 5 0 25 3.5 4 0 3 0 8 3 5 8 50 5 10 70 0 0 3 7 0 70 0 1 
Obs33 33 0 0 1 2 1 0 7 0 2 0 26 3.6 8 10 1 1 3 3 4 7 70 5 8 120 7 4 3 7 0 100 0 1 
Obs34 34 0 0 0 2 1 0 0 3 5 1 31 3.5 5 10 2 1 2 2 5 8 100 2 7 100 3 0 5 7 5 100 7 1 
Obs35 35 1 1 0 1 0 5 6 1 7 1 30 3.3 8 12 2 0 3 2 6 2 120 5 8 200 2 0 8 9 0 80 6 1 
Obs36 36 0 0 0 1 1 1 0 8 6 1 22 3.3 0 0 1 3 2 2 4 10 1000 5 9 70 4 0 8 9 25 100 8 1 
Obs37 37 1 1 0 3 1 1 0 5 5 1 21 2.4 3 3 3 0 3 5 5 5 200 6 3 100 3 0 4 4 25 100 5 1 
Obs38 38 0 0 0 1 0 2 0 7 5 1 21 3.5 0 0 1 1 3 2 3 8 5000 6 10 500 8 1 10 8 0 0 7 1 
Obs39 39 1 1 0 3 1 2 0 7 0 1 24 2.4 0 3 0 1 6 10 2 2 85 2 10 50 0 0 6 10 10 100 0 1 
Obs40 40 0 0 1 2 0 0 0 2 8 1 33 2.6 4 6 3 2 1 2 3 10 1000 6 7 1800 5 2 3 9 10 90 7 1 
Obs41 41 1 1 0 3 1 2 0 6 3 1 30 2.6 20 15 7 3 10 5 5 10 92 2 5 180 3 0 8 7 0 50 10 1 
Obs42 42 1 1 1 2 1 2 5 4 5 1 27 3.3 10 12 0 0 4 5 5 5 100 5 9 60 3 0 4 7 0 0 3 1 
Obs43 43 1 1 0 3 1 1 0 7 4 0 25 3.3 2 1 1 1 50 5 4 5 150 2 10 75 6 0 5 10 10 20 10 1 
Obs44 44 1 1 0 2 1 0 0 5 8 1 24 2.7 21 10 4 0 4 2 6 6 75 1 10 55 6 1 5 8 0 0 7 1 
Obs45 45 1 1 0 2 1 5 7 0 1 0 31 3.7 10 6 2 2 1 2 4 5 75 2 8 110 3 0 4 8 20 90 2 1 
Obs46 46 0 0 0 2 1 0 6 1 4 0 22 3.2 0 2 7 3 1 0 3 5 350 6 10 50 5 2 8 6 0 10 5 1 
Obs47 47 1 1 1 2 1 0 0 5 2 0 28 3.7 6 6 5 0 4 3 10 4 150 2 5 400 2 0 3 5 0 100 3 1 
Obs48 48 0 0 0 3 1 1 5 7 8 1 25 3.4 1 0 1 2 3 5 4 10 250 5 8 78 6 0 9 8 10 0 10 1 
Obs49 49 1 1 0 0 1 0 7 0 3 0 25 3.6 0 0 15 1 3 4 10 0 100 2 10 100 0 0 5 10 20 0 10 1 
Obs50 50 0 0 1 2 1 0 1 4 5 1 27 3.6 3 2 3 2 1 2 2 2 400 2 10 100 3 0 3 5 0 20 10 1 
Obs51 51 1 1 0 2 1 3 0 7 9 1 18 3.4 0 0 1 1 2 8 4 5 100 6 4 170 5 0 5 6 0 100 8 1 
Obs52 52 0 0 0 2 1 0 6 0 2 1 28 2.8 0 0 1 1 1 2 3 5 5000 5 2 550 5 4 4 7 0 0 1 1 
Obs53 53 0 0 0 3 1 3 7 0 10 1 30 3.2 0 0 0 0 0 10 0 8 30 6 3 50 5 0 10 0 0 0 0 1 
Obs54 54 1 1 1 2 1 0 1 6 6 0 25 4 10 6 1 1 10 4 18 5 200 6 6 500 1 0 3 10 0 100 1 1 
Obs55 55 0 0 1 3 1 2 5 5 7 0 21 2.7 6 20 6 1 8 5 10 10 65 6 10 55 5 1 7 8 0 0 5 1 
Obs56 56 0 0 0 3 0 3 4 4 1 1 29 4 0 0 0 0 1 10 4 7 150 5 7 100 4 5 5 7 10 100 3 1 
Obs57 57 1 1 0 3 1 2 0 9 6 1 28 2.7 1 5 9 2 7 2 3 0 50 2 0 20 3 0 6 8 20 0 5 1 
Obs58 58 1 1 0 2 1 0 0 3 7 0 25 3.5 2 0 1 1 6 2 5 5 57 2 7 70 4 1 5 8 0 80 7 1 
Obs59 59 1 1 0 3 1 2 6 1 0 0 23 3 0 0 3 1 7 10 1 5 100 5 6 60 2 0 2 8 25 0 4 1 
Obs60 60 1 1 0 3 1 1 2 8 7 1 30 3.5 3 0 3 1 20 10 10 7 10000 5 0 65 5 0 7 6 0 100 8 1 
Obs61 61 1 1 0 2 1 2 0 0 5 1 23 3.2 5 3 5 1 7 10 5 5 70 2 10 65 3 0 6 10 10 30 10 1 
Obs62 62 1 1 0 3 1 0 5 2 6 0 23 3.7 3 2 0 0 3 2 5 3 70 5 7 120 2 0 5 9 0 20 5 1 
Obs63 63 1 1 1 1 1 0 0 4 8 1 26 2.9 8 15 5 1 1 4 5 0 200 5 5 250 9 1 10 8 10 100 3 1 
Obs64 64 1 1 0 0 1 0 5 1 8 0 30 3.4 0 0 1 1 10 10 5 8 300 5 9 700 5 5 5 8 5 10 5 1 
Obs65 65 1 1 0 1 1 1 0 3 4 0 17 3.8 3 1 1 2 5 3 5 8 60 2 3 50 3 0 5 7 25 0 6 1 
Obs66 66 0 0 0 2 1 3 7 0 5 1 34 3.4 0 0 0 1 1 1 14 10 10000 6 5 400 8 1 3 8 0 100 10 1 
Obs67 67 0 0 0 3 1 2 0 7 5 0 25 1.4 8 14 4 1 5 2 4 4 95 5 10 65 2 0 5 7 0 100 6 1 
Obs68 68 1 1 1 0 0 5 6 0 5 1 25 2.9 16 25 20 3 6 4 3 4 80 5 5 280 0 0 5 10 0 100 7 1 
Obs69 69 1 1 0 0 1 0 0 6 6 0 29 4 2 6 0 0 4 4 4 8 100 5 8 300 1 0 5 8 0 100 4 1 
Obs70 70 1 1 0 2 1 3 0 10 8 1 26 3.2 0 0 1 2 1 3 16 2 150 5 10 41 7 5 4 10 5 100 10 1 
Obs71 71 1 1 0 2 1 1 0 10 7 0 18 3.3 0 0 0 0 5 6 7 3 100 6 6 60 4 0 7 5 20 100 8 1 
Obs72 72 0 0 0 2 1 2 0 10 5 1 25 2.4 0 0 0 4 10 3 5 0 75 6 10 16 9 2 10 10 0 10 10 1 
Obs73 73 0 0 0 0 1 3 0 3 7 1 34 3 0 11 5 0 2 2 17 0 250 5 10 20 5 2 5 7 25 0 9 1 
Obs74 74 1 1 0 2 1 0 0 2 0 0 25 4 6 6 1 1 1 2 3 6 90 5 10 130 5 0 7 10 0 100 8 1 
Obs75 75 1 1 0 3 1 0 6 0 1 1 31 3.9 9 8 1 1 1 7 10 5 200 6 5 95 5 0 5 3 0 0 9 1 
Obs76 76 0 0 1 2 1 0 0 2 2 0 32 2.8 6 12 3 3 4 6 10 5 50 6 7 100 6 5 8 7 15 90 6 1 
Obs77 77 0 0 0 2 1 4 3 6 5 1 28 2.7 8 15 50 21 7 2 10 3 100 5 10 60 5 5 4 7 0 100 4 1 
Obs78 78 1 1 0 3 1 1 0 7 6 0 21 3.1 3 2 3 3 4 5 6 6 75 5 10 50 5 0 0 7 15 70 10 1 
Obs79 79 1 1 0 3 0 3 0 10 5 1 31 3.7 0 0 0 1 3 4 5 5 130 5 5 200 4 4 5 7 0 100 6 1 
Obs80 80 0 0 0 2 1 0 0 8 6 1 26 3.5 8 10 1 2 0 0 4 5 150 2 10 150 4 0 6 10 0 0 10 1 
Obs81 81 1 1 0 3 1 2 5 7 5 0 26 2.4 0 2 0 0 3 4 5 0 20 5 10 29 2 0 5 9 0 10 7 1 
Obs82 82 0 0 0 3 1 2 0 3 3 0 27 3.6 0 0 1 1 3 4 6 8 120 2 10 150 5 0 5 7 15 80 8 1 
Obs83 83 1 1 0 3 0 4 6 2 4 1 30 3.9 3 5 1 1 0 4 3 5 70 5 10 100 3 0 7 7 5 70 3 1 
Obs84 84 1 1 1 2 1 0 0 7 1 0 20 3.6 11 10 0 1 19 6 15 10 130 1 4 190 8 1 3 9 0 90 8 1 
Obs85 85 1 1 1 0 1 0 0 8 9 1 28 3.2 12 21 7 2 7 3 6 0 100 6 2 700 5 5 3 9 10 100 9 1 
Obs86 86 1 1 0 3 1 1 0 4 8 1 26 3.1 0 3 2 1 5 3 12 8 160 6 5 40 9 0 5 6 20 0 3 1 
Obs87 87 1 1 0 3 0 3 7 0 3 0 33 4 6 2 1 1 5 10 10 7 500 5 5 900 5 5 5 10 10 90 0 1 
Obs88 88 0 0 0 3 1 2 1 2 5 1 29 1.7 0 15 2 1 2 2 5 7 70 5 5 53 5 0 3 7 0 10 3 1 
Obs89 89 1 1 1 1 1 5 5 1 7 1 24 2.7 12 20 3 2 3 2 5 6 50 5 10 30 5 0 0 8 0 0 0 1 
Obs90 90 0 0 1 2 0 0 7 0 0 1 31 3 50 50 50 1 1 0 0 5 10000 4 0 99999 5 1 10 10 25 100 10 1 
Obs91 91 0 0 1 0 1 0 0 2 0 0 26 3 7 5 34 1 3 4 5 7 110 3 6 400 3 0 8 8 0 60 7 1 
Obs92 92 1 1 0 2 1 0 7 2 8 1 32 3.2 4 4 3 2 1 3 10 10 110 6 5 59 5 5 5 10 0 90 7 1 
Obs93 93 1 1 0 2 1 3 6 0 6 1 33 4 0 0 0 0 2 3 5 5 90 5 8 150 4 0 6 10 0 100 5 1 
Obs94 94 1 1 1 0 1 0 0 5 7 1 26 3.9 7 10 0 0 2 3 5 7 55 5 3 80 7 1 4 7 0 50 4 1 
Obs95 95 1 1 0 3 1 0 0 1 8 1 35 3.2 4 3 0 0 1 2 6 2 90 5 10 88 2 4 9 3 10 90 5 1 
Obs96 96 0 0 0 2 1 0 0 10 10 0 19 3.1 0 0 3 1 30 2 3 5 999 1 10 999 8 1 5 10 10 0 10 1 
Obs97 97 0 0 0 3 1 2 0 7 3 1 27 3.4 4 0 1 1 5 2 8 5 300 5 10 50 3 0 5 5 0 100 10 1 
Obs98 98 0 0 0 2 1 4 2 9 1 1 27 3.9 0 0 0 1 3 6 5 5 300 5 10 85 4 0 3 10 5 100 8 1 
Obs99 99 1 1 1 0 1 0 6 0 5 0 27 3.7 5 4 1 4 1 1 8 5 70 5 10 70 3 0 3 2 0 0 6 1 
Obs100 100 1 1 0 3 1 2 5 8 1 1 20 2.8 0 0 1 1 15 0 4 0 72 2 10 20 0 0 5 0 0 0 7 1 
Obs101 101 1 1 1 2 1 0 0 7 3 1 32 4 20 15 3 3 5 3 4 8 100 6 1 120 7 1 5 8 0 30 9 1 
Obs102 102 0 0 0 3 1 2 0 5 7 1 27 3.6 3 4 1 3 7 6 5 0 60 6 10 57 5 0 7 5 10 100 2 1 
Obs103 103 1 1 0 2 1 0 0 4 3 0 26 3.3 5 7 2 1 1 3 6 3 70 5 7 100 2 4 5 8 0 100 10 1 
Obs104 104 0 0 0 0 1 2 0 6 3 0 24 2.1 1 1 1 3 8 5 4 8 80 5 5 55 5 0 0 10 10 10 5 1 
Obs105 105 1 1 0 0 1 1 0 2 8 1 21 3.6 0 0 2 2 3 2 1 8 89 6 10 30 5 0 3 8 15 0 0 1 
Obs106 106 1 1 0 0 1 0 6 1 2 0 25 3.7 3 4 0 1 0 5 3 5 100 2 0 85 1 0 4 9 10 40 9 1 
Obs107 107 1 1 0 2 0 3 0 10 2 1 31 3.2 0 0 0 0 11 2 6 3 70 5 4 80 8 1 7 10 5 100 5 1 
Obs108 108 1 1 1 1 1 0 1 6 7 1 26 3.9 6 8 2 1 6 4 14 3 150 2 10 250 3 0 7 9 0 100 0 1 
Obs109 109 1 1 0 3 0 3 7 2 1 0 29 3.3 0 0 0 2 2 4 2 8 100 5 5 100 5 5 6 8 0 20 5 1 
Obs110 110 0 0 0 2 1 0 1 7 2 0 29 4 0 0 2 0 3 2 4 10 120 6 10 100 6 2 7 6 0 60 8 1 
Obs111 111 0 0 0 3 1 1 7 0 8 1 30 1.7 1 1 1 0 1 2 2 3 120 5 8 110 3 0 5 7 0 0 5 1 
Obs112 112 1 1 0 2 1 0 0 3 1 0 32 3.6 3 4 6 2 1 3 6 4 50 5 4 60 3 0 7 7 15 80 8 1 
Obs113 113 1 1 0 3 1 2 5 1 8 1 20 3.5 3 4 1 1 3 3 3 5 100 5 5 70 5 0 5 8 20 10 9 1 
Obs114 114 1 1 0 3 1 3 6 3 1 1 30 3.5 0 0 1 1 2 2 3 6 80 5 10 20 3 0 2 5 0 0 0 1 
Obs115 115 1 1 0 3 1 2 0 5 8 1 26 1.6 4 8 4 3 5 5 3 7 150 5 8 50 0 0 5 8 10 0 5 1 
Obs116 116 1 1 1 3 1 0 0 2 5 1 31 3.7 7 10 35 3 9 3 10 8 200 5 10 500 5 5 3 8 0 90 0 1 
Obs117 117 1 1 0 3 1 2 5 1 6 0 28 3.7 8 4 1 1 14 2 9 8 10000 5 10 25 1 0 5 9 15 0 3 1 
Obs118 118 1 1 0 0 1 2 0 5 7 1 32 4 8 8 0 0 4 3 3 4 100 5 5 100 3 0 5 9 0 90 0 1 
Obs119 119 1 1 0 3 1 1 0 4 5 0 23 3.2 0 0 4 3 10 4 4 6 50 5 0 8 3 1 10 6 10 0 5 1 
Obs120 120 1 1 1 2 1 0 1 4 2 0 26 3.9 25 27 10 1 10 6 10 5 100 6 8 220 7 1 5 8 0 90 6 1 
Obs121 121 1 1 0 3 0 2 0 5 0 1 24 3.9 12 12 2 2 5 7 3 6 200 5 10 100 0 0 0 5 0 0 8 1 
Obs122 122 1 1 0 2 1 2 5 3 8 1 27 3.7 4 2 1 2 6 4 2 5 200 5 8 40 5 0 4 8 0 10 3 1 
Obs123 123 0 0 0 1 1 0 0 8 10 1 32 4 6 6 0 1 1 2 8 5 200 5 3 300 9 1 5 10 0 100 10 1 
Obs124 124 1 1 0 2 1 1 0 8 10 1 27 2.7 8 3 0 0 5 5 4 5 120 5 10 18 0 0 5 9 10 0 7 1 
Obs125 125 1 1 1 2 1 0 7 0 0 1 32 3.8 4 7 15 2 2 1 5 7 200 2 9 100 2 0 5 8 0 20 7 1 
Obs126 126 1 1 0 1 1 0 0 7 2 0 26 3.4 1 1 1 1 4 5 10 9 200 6 8 150 6 1 7 9 0 80 10 1 
Obs127 127 0 0 0 0 1 0 0 8 0 0 22 3.6 6 8 5 1 14 3 5 2 70 6 4 400 8 1 10 9 0 100 8 1 
Obs128 128 1 1 0 2 1 0 0 7 6 1 28 3.8 7 9 3 0 2 1 4 6 65 2 8 300 2 0 4 8 0 100 7 1 
Obs129 129 1 1 0 2 1 0 0 6 6 1 31 4 10 20 5 0 5 2 6 8 110 5 5 140 4 0 1 5 10 100 1 1 
Obs130 130 0 0 0 1 1 5 0 4 5 0 23 3.3 0 1 2 2 2 1 5 5 100 6 6 200 6 4 8 10 0 80 8 1 
Obs131 131 1 1 0 3 1 2 7 0 3 1 28 3.9 0 0 0 0 1 5 5 5 50 5 10 50 0 0 5 7 10 10 4 1 
Obs132 132 1 1 0 1 1 2 5 9 5 1 24 3.8 4 0 1 1 5 3 3 7 70 6 7 40 3 0 5 10 0 60 10 1 
Obs133 133 1 1 1 3 1 0 0 8 7 1 20 1.8 6 10 1 0 1 7 4 5 292 5 1 35 2 0 5 7 0 100 9 1 
Obs134 134 1 1 0 0 1 5 5 6 6 1 31 3.4 1 0 0 1 1 6 5 6 120 5 7 200 3 0 4 9 0 100 9 1 
Obs135 135 1 1 0 3 1 2 5 6 3 0 19 3.8 2 0 0 1 2 6 10 0 68 5 9 63 1 0 4 9 20 0 8 1 
Obs136 136 1 1 1 2 1 0 0 8 1 0 25 3.9 14 10 1 0 5 2 8 6 300 2 10 500 8 1 8 6 0 100 6 1 
Obs137 137 1 1 0 3 1 2 0 3 3 1 21 3.5 1 7 3 2 3 4 2 8 78 2 5 51 2 0 5 7 15 20 8 1 
Obs138 138 1 1 0 3 1 3 5 1 8 1 24 2.3 4 5 4 2 1 3 3 3 70 6 10 26 6 0 3 7 15 50 6 1 
Obs139 139 1 1 1 3 1 0 7 1 7 1 26 3.4 8 8 7 2 5 7 6 3 80 2 2 90 3 0 3 7 10 0 8 1 
Obs140 140 1 2 1 3 0 5 6 6 8 1 28 3.4 15 18 30 2 0 6 12 3 40 2 10 120 1 0 9 8 10 80 1 1 
Obs141 141 0 0 0 3 1 1 0 7 5 1 22 3.1 0 0 2 1 7 3 6 10 500 6 0 54 5 2 10 8 20 0 4 1 
Obs142 142 0 0 1 2 1 0 0 4 2 0 22 3.8 5 0 10 2 6 6 4 6 350 2 8 400 5 0 5 8 20 100 5 1 
Obs143 143 1 1 0 2 1 4 3 4 6 1 28 3.9 2 2 0 0 3 3 10 0 100 5 10 85 2 0 5 5 15 90 7 1 
Obs144 144 0 0 0 3 0 4 7 3 6 1 32 4 2 0 0 0 2 5 7 4 4000 5 3 250 3 2 7 10 0 100 0 1 
Obs145 145 0 0 0 2 1 0 4 3 2 0 19 3.3 0 1 3 1 1 1 2 5 40 4 3 200 3 2 10 6 0 100 10 1 
Obs146 146 1 1 0 3 1 5 0 7 9 1 24 3.7 2 0 1 0 6 3 6 5 300 5 7 180 5 2 6 9 0 100 8 1 
Obs147 147 1 1 1 2 1 0 0 3 2 1 28 4 12 15 3 1 10 3 10 5 50 5 6 100 3 0 3 10 0 90 1 1 
Obs148 148 0 0 0 1 1 0 0 10 9 1 26 4 0 0 0 0 2 3 4 5 80 5 7 100 5 2 6 9 15 50 8 1 
Obs149 149 1 1 0 2 1 0 0 7 0 0 22 3.8 0 0 0 0 5 4 9 5 90 5 7 120 3 0 6 10 10 90 8 1 
Obs150 150 0 0 1 1 1 2 0 5 4 0 25 3.2 6 6 0 0 3 3 5 5 40 2 8 23 0 0 2 8 0 70 5 1 
Obs151 151 0 0 0 1 1 3 5 2 9 1 29 2.8 1 3 0 0 1 1 2 5 100 6 10 50 5 5 5 5 0 50 9 1 
Obs152 152 1 1 1 2 1 2 0 7 4 1 27 3.6 20 40 17 2 1 3 15 10 200 2 10 7 3 4 5 5 0 0 5 1 
Obs153 153 0 0 0 0 1 0 7 0 0 0 24 3.8 1 1 3 1 2 5 3 6 90 5 0 20 8 1 3 7 10 0 7 1 
Obs154 154 1 1 0 2 1 2 0 8 6 0 19 3.6 0 0 1 2 3 2 3 0 80 5 10 20 3 0 6 9 0 10 10 1 
Obs155 155 1 1 1 2 1 0 0 6 0 0 21 3 5 5 5 2 28 2 6 10 200 1 10 400 5 1 0 10 0 100 5 1 
Obs156 156 0 0 1 3 1 2 7 0 8 1 24 3.4 8 15 10 2 12 4 4 7 130 2 10 60 4 0 6 9 0 70 8 1 
Obs157 157 1 1 0 3 1 0 0 1 3 0 27 3.5 8 16 3 2 7 2 5 0 100 6 3 100 2 5 0 6 0 100 8 1 
Obs158 158 0 0 1 2 1 0 0 6 4 0 26 3.2 15 12 4 1 1 3 10 10 120 1 0 200 8 1 3 8 0 90 9 1 
Obs159 159 1 1 0 2 1 2 0 6 5 0 25 3.8 6 4 0 0 1 2 8 10 100 5 7 70 4 0 5 7 0 50 10 1 
Obs160 160 1 1 0 3 1 2 0 3 4 0 24 2.4 4 7 2 1 2 5 6 0 150 5 10 59 0 2 5 7 20 0 5 1 
Obs161 161 1 1 0 0 1 3 7 0 5 1 25 3.7 0 0 0 1 1 2 5 5 100 5 7 40 3 0 5 5 10 20 5 1 
Obs162 162 1 1 1 2 1 0 1 6 3 1 34 3.8 6 10 0 2 1 1 7 5 120 5 3 120 3 0 3 7 0 100 0 1 
Obs163 163 1 1 0 2 1 1 0 9 1 0 21 2.6 8 8 12 3 7 3 3 7 80 2 10 90 1 0 5 8 10 100 10 1 
Obs164 164 0 0 0 3 1 3 0 8 8 1 28 3.3 0 0 0 0 1 0 0 5 100 5 6 20 6 2 5 5 0 40 3 1 
Obs165 165 1 1 1 2 1 0 0 5 5 1 31 3.8 2 2 0 1 1 3 3 5 70 6 6 100 3 0 5 8 0 60 5 1 
Obs166 166 0 0 1 2 0 5 0 6 2 0 24 3.8 12 8 1 1 2 4 5 10 150 5 10 140 2 0 5 9 0 90 9 1 
Obs167 167 1 1 0 2 0 3 5 6 3 0 27 3.4 0 0 0 0 5 1 5 0 52 6 7 3 5 5 5 8 0 100 5 1 
Obs168 168 0 0 0 0 1 4 0 7 8 1 28 3 4 1 0 1 4 1 8 8 100 5 9 500 5 5 6 6 15 20 5 1 
Obs169 169 1 1 0 1 1 3 0 8 6 0 27 3.8 3 1 1 1 2 2 4 3 45 5 7 120 4 0 4 7 10 100 8 1 
Obs170 170 0 0 0 2 1 0 1 4 7 1 33 3.5 0 1 3 0 10 1 5 9 300 5 0 250 3 0 2 9 0 100 10 1 
Obs171 171 0 0 0 2 1 0 5 3 10 1 27 2.6 8 20 12 3 4 2 6 5 180 3 10 160 4 5 8 8 0 50 10 1 
Obs172 172 1 1 0 2 1 2 7 0 8 1 26 2.3 0 0 0 1 1 4 4 5 800 5 10 30 4 0 10 7 0 100 10 1 
Obs173 173 1 1 0 1 1 0 5 4 5 1 29 4 10 10 1 0 3 4 10 5 70 6 5 70 5 0 3 6 0 0 2 1 
Obs174 174 0 0 0 3 0 1 0 6 6 0 19 2.5 2 0 5 2 3 5 4 8 300 6 10 65 5 0 5 6 0 0 7 1 
Obs175 175 0 0 0 0 1 4 2 7 5 1 27 4 0 0 0 0 21 2 5 5 200 6 5 105 5 5 5 9 0 100 5 1 
Obs176 176 1 1 0 3 1 2 0 6 7 0 25 3.9 4 3 1 0 4 5 3 5 80 5 9 5 0 0 8 7 0 0 8 1 
Obs177 177 0 0 1 2 1 0 0 3 5 0 20 3 0 0 4 2 0 1 6 6 90 6 10 80 5 1 5 3 10 30 10 1 
Obs178 178 1 1 0 2 1 0 0 6 10 1 30 3.8 4 10 3 2 9 6 20 7 100 5 0 100 5 0 6 10 0 90 10 1 
Obs179 179 1 1 0 2 1 4 2 6 5 1 25 3 4 1 1 1 2 2 3 7 100 2 9 90 1 0 5 7 0 90 8 1 
Obs180 180 1 1 0 3 1 3 6 0 2 1 31 3.6 0 0 0 0 0 5 4 7 80 6 7 40 4 0 5 9 10 10 0 1 
Obs181 181 1 1 0 2 1 2 0 7 6 1 26 3.6 2 0 0 0 3 2 3 6 100 5 8 120 5 0 3 9 0 20 7 1 
Obs182 182 1 1 0 2 1 3 0 7 5 1 29 4 5 4 1 2 1 5 3 4 200 6 8 200 4 4 5 9 0 100 6 1 
Obs183 183 0 0 0 2 1 0 6 0 3 1 34 3.3 0 0 1 1 0 3 3 5 100 5 8 200 3 0 3 4 0 100 3 1 
Obs184 184 1 1 0 2 1 0 7 0 5 0 27 3.2 0 0 0 0 2 3 5 1 100 5 8 130 3 0 5 9 0 100 3 1 
Obs185 185 1 1 0 2 1 0 0 7 7 1 27 3.7 0 0 2 2 7 3 2 5 80 5 8 50 5 5 5 9 40 100 10 1 
Obs186 186 0 0 0 3 0 3 6 0 10 1 31 3.8 3 0 5 2 2 3 4 0 100 5 5 80 5 5 6 10 20 100 8 1 
Obs187 187 1 1 1 2 0 0 1 4 3 1 27 3.7 3 0 1 1 10 5 10 2 150 5 0 250 4 0 8 9 0 100 7 1 
Obs188 188 1 1 0 3 1 2 0 0 5 1 26 2.3 5 5 4 1 9 4 5 4 206 5 4 100 2 0 5 9 20 0 5 1 
Obs189 189 1 2 0 2 1 0 6 1 8 1 31 3.9 0 0 0 0 2 6 6 1 50 5 7 100 1 0 3 8 0 80 9 1 
Obs190 190 1 1 1 3 1 0 1 5 6 1 33 4 3 4 2 0 2 2 5 3 85 2 9 300 5 0 5 7 0 100 6 1 
Obs191 191 0 0 1 2 1 0 1 4 7 1 29 2.7 5 8 1 1 3 2 5 6 200 6 6 400 6 1 4 8 0 100 9 1 
Obs192 192 1 1 0 0 0 3 0 8 8 1 30 3.5 0 0 0 1 0 0 2 10 2000 5 9 5 9 0 1 10 20 100 10 1 
Obs193 193 1 1 1 0 1 0 0 9 4 0 26 4 1 1 0 2 2 2 4 4 40 5 7 70 9 1 3 9 0 10 5 1 
Obs194 194 1 1 0 2 1 2 0 4 6 1 29 3.4 10 5 2 2 1 1 7 7 95 5 10 23 3 0 2 7 0 0 8 1 
Obs195 195 0 0 0 0 1 0 0 4 2 0 21 3 4 8 8 1 1 10 7 6 100 2 10 160 2 0 6 10 0 30 10 1 
Obs196 196 1 1 1 2 1 0 1 3 5 1 26 3 2 0 4 1 4 5 3 5 80 5 10 70 5 5 8 5 0 0 5 1 
Obs197 197 0 0 0 2 1 2 0 7 8 1 24 4 0 0 0 1 7 2 3 6 80 5 7 22 3 0 6 8 35 100 0 1 
Obs198 198 1 1 0 3 1 2 0 10 0 0 22 2.2 12 25 4 1 0 7 5 7 80 5 10 40 0 0 5 2 15 0 2 1 
Obs199 199 1 1 0 3 1 1 5 7 0 0 26 3 0 0 0 0 8 3 5 5 100 5 10 30 3 0 7 10 10 100 0 1 
Obs200 200 1 1 0 0 1 0 6 1 3 0 27 4 4 2 0 0 8 3 6 10 70 5 10 120 0 0 5 10 0 0 3 1 
Obs201 201 1 1 0 3 1 2 0 6 5 0 26 3.5 6 8 0 2 7 3 5 2 50 5 10 60 1 0 8 9 20 100 8 1 
Obs202 202 0 0 0 3 1 0 0 4 5 1 28 3.7 2 1 1 2 2 5 4 6 90 5 10 140 1 0 5 10 0 100 6 1 
Obs203 203 0 0 0 2 1 0 6 0 7 1 28 3.9 0 0 0 0 2 0 4 9 500 1 0 100 8 1 5 10 40 90 5 1 
Obs204 204 1 1 1 2 1 2 0 8 5 1 26 3.4 0 0 1 2 2 2 2 3 200 2 10 90 1 0 1 9 15 0 10 1 
Obs205 205 0 0 0 2 1 4 3 8 10 1 31 3.5 1 0 0 0 5 3 10 8 1000 5 5 300 5 0 8 10 0 100 7 1 
Obs206 206 1 1 0 2 1 0 7 0 10 1 28 1.6 0 0 0 0 1 2 15 4 60 5 10 130 0 0 7 10 0 10 5 1 
Obs207 207 1 1 0 0 1 2 5 4 4 0 19 4 0 0 0 0 0 0 3 0 54 5 9 52 9 0 10 4 30 100 10 1 
Obs208 208 1 1 1 2 1 0 0 2 5 1 32 3.7 6 10 4 3 1 3 5 4 80 5 7 120 2 0 6 10 0 70 1 1 
Obs209 209 0 0 1 1 1 0 0 9 2 1 26 3.5 8 20 3 1 1 2 5 5 80 2 8 60 5 4 7 7 0 90 6 1 
Obs210 210 1 0 0 3 1 1 0 5 6 1 24 3.5 3 3 0 0 7 7 11 10 100 5 10 50 5 0 4 8 15 20 6 1 
Obs211 211 0 0 0 3 1 2 5 6 7 0 24 3.6 7 8 4 2 6 5 2 5 90 5 10 70 5 0 6 9 0 100 8 1 
Obs212 212 1 1 1 0 1 0 0 9 1 0 20 3.7 4 4 1 1 1 4 4 5 70 5 9 100 8 1 5 7 10 10 4 1 
Obs213 213 0 0 0 2 1 0 0 8 3 1 30 3.7 2 3 0 0 1 7 3 4 75 5 8 100 3 0 6 9 10 70 4 1 
Obs214 214 1 1 1 2 1 3 7 0 6 1 26 3.9 5 2 0 0 1 3 4 3 60 5 1 130 3 0 5 9 0 100 8 1 
Obs215 215 1 1 0 2 1 5 0 5 0 1 18 2.9 0 1 3 0 3 2 2 10 80 2 10 35 3 2 6 8 5 0 0 1 
Obs216 216 1 1 0 0 1 0 6 2 3 0 27 4 3 4 3 2 5 5 3 5 84 5 8 30 4 0 9 9 15 0 5 1 
Obs217 217 1 1 1 2 1 0 0 5 5 1 26 3.7 5 0 0 1 8 6 5 5 100 1 5 100 8 1 5 10 0 100 7 1 
Obs218 218 1 1 0 2 1 2 0 6 6 1 29 3.1 0 0 0 0 4 9 1 5 65 2 10 79 5 0 5 7 0 0 2 1 
Obs219 219 1 1 0 0 1 0 0 8 0 1 31 4 0 0 1 0 3 1 3 0 63 5 10 120 2 0 5 8 0 100 10 1 
Obs220 220 1 2 0 2 1 1 0 5 2 0 21 3.4 3 2 0 0 2 8 5 4 75 5 10 100 0 5 5 7 5 0 3 1 
Obs221 221 1 1 0 0 1 0 0 3 2 1 31 4 0 0 0 2 2 3 4 5 120 5 10 80 1 1 5 6 0 50 7 1 
Obs222 222 1 1 1 2 1 0 1 5 7 1 26 3.7 10 5 0 0 10 3 5 8 800 5 5 700 4 0 1 7 0 100 4 1 
Obs223 223 1 1 1 1 1 0 0 6 5 1 33 4 9 5 0 0 8 3 7 4 80 1 1 150 8 1 6 10 0 100 7 1 
Obs224 224 1 1 1 2 1 2 0 6 5 0 25 3.6 10 15 0 0 15 4 10 0 108 2 10 90 4 0 2 9 0 10 10 1 
Obs225 225 1 1 1 2 1 5 0 10 5 1 27 4 8 12 0 1 2 3 5 3 60 5 2 85 2 0 7 8 0 100 6 1 
Obs226 226 1 1 1 0 1 0 0 2 1 1 29 2.6 15 8 14 3 2 5 8 5 100 1 4 170 7 1 5 8 0 100 10 1 
Obs227 227 0 0 1 3 1 2 6 2 5 1 28 2.4 6 6 1 1 1 2 3 10 120 5 10 40 5 0 6 7 5 100 2 1 
Obs228 228 1 1 0 3 1 2 5 5 0 0 22 3.5 2 4 1 2 4 5 3 10 70 6 5 35 9 0 5 10 20 0 7 1 
Obs229 229 1 1 1 2 1 2 0 10 6 1 30 3.8 0 0 3 2 6 4 3 5 999 5 10 200 8 1 8 9 0 0 7 1 
Obs230 230 0 0 0 3 0 3 7 0 4 1 34 4 1 0 0 0 1 3 4 6 10 5 4 12 7 5 4 8 0 100 4 1 
Obs231 231 0 0 0 3 1 0 1 3 2 0 30 3.4 25 40 10 2 8 2 7 9 250 5 7 350 6 4 5 7 0 100 9 1 
Obs232 232 1 1 1 3 1 4 3 2 5 0 31 3.5 0 0 0 0 7 5 10 5 30 5 10 250 1 0 5 9 5 100 6 1 
Obs233 233 0 0 0 2 1 0 7 0 5 1 33 3.8 2 1 0 1 0 2 4 5 125 5 5 125 2 0 5 8 0 70 5 1 
Obs234 234 1 1 0 3 1 2 0 8 5 1 22 3.3 4 0 2 2 1 5 3 2 40 5 6 40 4 0 8 4 10 10 7 1 
Obs235 235 1 1 1 0 1 0 0 7 5 0 23 3.6 12 14 0 1 2 6 6 9 100 5 7 150 4 2 8 8 0 100 8 1 
Obs236 236 1 1 0 2 1 1 0 5 0 0 25 3.7 4 0 0 0 1 10 10 7 80 5 10 35 5 0 5 7 10 0 5 1 
Obs237 237 1 1 0 3 1 1 0 5 8 1 27 3.7 15 5 1 0 1 1 7 10 1000 5 5 65 2 0 3 2 15 10 3 1 
Obs238 238 1 1 0 2 1 0 0 8 8 1 26 3.8 6 6 1 1 7 3 7 5 80 5 5 121 4 0 4 10 0 40 6 1 
Obs239 239 1 1 0 3 1 2 0 8 6 0 21 3.6 0 0 1 1 3 3 1 0 80 6 10 28 3 0 5 8 5 10 10 1 
Obs240 240 1 1 0 3 1 2 5 5 5 0 23 1.9 0 0 2 1 1 2 5 10 75 2 10 25 5 0 6 4 0 10 0 1 
Obs241 241 0 0 0 3 1 2 7 1 3 1 21 1.5 2 2 5 2 16 3 5 10 450 5 0 50 1 0 4 9 0 50 6 1 
Obs242 242 1 1 0 0 1 0 0 8 8 1 30 3.9 1 1 0 1 4 3 5 5 80 2 10 85 2 0 5 7 0 100 1 1 
Obs243 243 1 1 1 2 1 0 0 3 4 0 27 3.4 20 30 1 1 1 6 10 5 105 5 3 250 5 0 5 7 0 100 6 1 
Obs244 244 1 1 1 2 1 0 0 5 7 0 24 3.5 10 8 2 1 2 3 5 4 100 1 3 400 8 1 0 8 0 100 8 1 
Obs245 245 1 1 0 2 1 3 0 7 3 0 25 3 13 20 10 1 3 3 5 4 100 2 10 125 3 0 4 7 25 100 10 1 
Obs246 246 0 0 0 3 1 2 5 7 3 1 25 3.7 10 7 3 3 2 2 8 8 75 5 10 8 1 0 4 3 10 0 10 1 
Obs247 247 1 1 0 0 1 0 0 8 5 1 24 3.8 0 0 1 1 8 2 2 7 100 5 1 70 4 2 5 10 0 10 7 1 
Obs248 248 0 0 1 2 1 2 5 6 2 0 23 3.6 6 4 9 1 1 4 6 9 900 2 6 100 1 0 10 7 0 100 9 1 
Obs249 249 1 1 1 2 1 0 7 0 6 1 28 1.6 15 15 6 2 1 3 5 5 150 2 10 0 8 0 6 5 0 90 5 1 
Obs250 250 1 1 0 3 1 0 0 8 3 0 24 3.7 0 0 0 0 2 1 3 4 84 2 10 165 5 0 9 9 15 30 3 1 
Obs251 251 1 1 0 2 1 1 5 5 8 0 23 3.5 3 0 2 2 2 4 5 0 390 5 7 3 2 0 2 7 0 0 10 1 
Obs252 252 0 0 1 2 1 0 0 5 6 0 23 2.9 4 10 2 2 4 1 3 5 75 4 7 80 7 1 6 10 10 100 1 1 
Obs253 253 1 1 0 3 1 5 0 6 0 0 26 3.7 3 5 1 3 12 6 8 3 40 5 10 62 10 0 4 9 0 30 7 1 
Obs254 254 0 0 0 2 1 1 6 5 5 1 28 3.9 6 13 1 2 1 10 6 6 50 2 10 500 4 0 6 8 5 100 8 1 
Obs255 255 1 1 0 1 0 0 6 0 5 1 31 2.7 2 6 0 0 0 5 13 6 140 5 10 90 0 5 3 4 0 0 6 1 
Obs256 256 1 1 0 2 0 3 0 7 2 0 26 4 0 0 0 0 1 5 20 9 70 5 5 300 5 5 1 9 0 0 9 1 
Obs257 257 1 1 0 2 1 0 6 1 5 0 27 3.7 3 1 1 2 1 6 10 0 80 5 8 120 2 0 4 8 0 100 9 1 
Obs258 258 1 1 0 3 1 1 0 5 0 0 21 3.8 0 1 1 1 0 6 5 8 100 5 10 30 9 0 6 3 20 0 7 1 
Obs259 259 1 1 0 2 1 2 0 7 2 1 21 3.5 5 10 0 0 12 3 14 3 56 5 10 50 3 0 5 9 0 100 8 1 
Obs260 260 1 1 1 3 1 2 0 5 7 0 29 3.7 6 7 1 0 7 3 6 0 150 1 5 150 5 1 2 10 0 70 10 1 
Obs261 261 1 1 0 1 1 0 0 10 7 1 29 4 0 0 0 0 16 1 4 3 83 5 10 130 3 0 5 10 5 10 10 1 
Obs262 262 1 1 1 2 1 0 0 2 3 1 28 3 12 10 6 2 2 2 10 7 80 5 3 110 6 1 5 8 0 90 7 1 
Obs263 263 1 1 1 2 1 0 0 7 7 0 28 3.7 6 10 1 0 2 4 8 1 70 6 3 120 5 0 3 10 25 30 4 1 
Obs264 264 1 1 1 3 1 0 0 6 0 1 23 3.5 2 3 3 1 3 2 5 5 40 2 5 80 5 0 5 10 30 80 8 1 
Obs265 265 1 1 0 2 1 2 0 6 1 0 19 3 6 5 0 0 7 5 3 6 50 5 5 30 4 0 5 9 0 10 8 1 
Obs266 266 1 1 1 2 1 0 0 7 0 1 30 3.2 5 6 2 1 3 1 2 5 30 5 8 70 0 0 5 7 0 100 4 1 
Obs267 267 0 0 0 0 1 0 7 0 5 1 27 3.8 0 0 1 1 3 1 3 8 500 1 10 100 8 1 3 10 0 100 8 1 
Obs268 268 1 1 0 3 0 4 3 7 8 1 32 3.7 2 0 1 1 1 6 3 3 5 6 10 25 5 5 5 9 0 100 2 1 
Obs269 269 1 1 0 0 1 0 0 8 8 1 33 4 4 4 0 2 2 1 3 7 80 5 9 180 1 0 7 9 0 100 6 1 
Obs270 270 1 1 1 2 1 0 0 2 7 1 28 3.8 4 6 1 1 2 6 10 7 200 1 5 800 7 1 3 9 10 100 2 1 
Obs271 271 1 1 0 3 1 2 5 1 0 1 21 2.4 0 0 3 2 3 5 4 7 68 2 10 40 5 0 0 5 0 0 7 1 
Obs272 272 1 1 0 3 1 2 5 4 0 0 23 3.4 4 2 3 1 7 10 3 0 250 5 10 70 5 0 2 10 0 20 1 1 
Obs273 273 1 1 0 0 0 0 0 7 4 0 23 3.9 0 0 0 0 1 1 3 1 30 5 9 36 1 0 5 5 0 90 7 1 
Obs274 274 0 0 0 2 1 5 0 8 7 1 24 3.4 12 30 3 1 2 3 10 2 50 5 10 45 5 5 7 10 0 0 7 1 
Obs275 275 1 1 0 3 1 2 5 0 2 1 24 4 0 0 1 1 6 4 4 5 70 5 10 16 0 0 5 8 0 100 10 1 
Obs276 276 1 1 0 2 1 0 0 7 3 0 27 4 8 10 0 0 1 2 8 4 125 5 10 125 3 0 5 7 5 100 10 1 
Obs277 277 1 1 1 1 1 0 0 2 7 1 25 3.3 3 3 0 0 10 5 4 0 80 5 7 100 3 0 6 10 0 90 10 1 
Obs278 278 0 0 0 2 1 0 0 5 7 0 25 3.8 0 0 0 1 7 1 4 5 90 1 2 180 5 2 0 10 0 50 8 1 
Obs279 279 0 0 0 2 1 0 7 0 7 1 32 3.4 0 0 1 1 2 3 2 7 90 5 8 300 2 0 4 9 0 100 8 1 
Obs280 280 1 1 0 3 1 0 0 5 7 1 31 3.5 8 12 0 1 8 2 9 0 150 5 10 320 3 0 2 10 0 100 10 1 
Obs281 281 1 1 1 3 1 0 0 3 1 0 30 3.8 4 0 0 0 5 6 6 6 100 5 3 58 6 1 7 8 10 60 6 1 
Obs282 282 0 0 1 2 0 0 7 0 8 1 31 2.8 6 10 5 2 2 1 10 4 120 6 10 400 3 0 4 10 25 100 2 1 
Obs283 283 1 1 0 2 1 2 0 3 9 0 31 4 12 15 0 0 2 5 4 8 100 5 5 125 3 0 3 7 0 100 10 1 
Obs284 284 0 0 1 2 1 0 1 7 6 1 24 3.5 8 24 3 2 2 4 4 5 50 2 10 100 2 0 5 8 0 90 5 1 
Obs285 285 0 0 1 2 1 0 0 7 7 0 23 3.2 12 10 1 1 6 8 5 5 100 5 3 110 7 1 5 10 0 100 4 1 
Obs286 286 0 0 1 3 1 2 5 8 6 1 24 3.1 8 12 29 2 2 6 10 7 120 2 7 130 1 0 0 10 0 60 7 1 
Obs287 287 1 1 0 3 1 2 0 5 7 1 27 3.4 4 2 1 1 1 5 4 5 70 5 10 30 1 0 5 9 0 0 5 1 
Obs288 288 1 1 0 2 1 3 7 0 5 0 26 3.8 0 0 0 0 1 2 7 10 60 5 0 30 2 0 4 6 0 30 3 1 
Obs289 289 1 1 1 2 1 0 0 8 5 0 28 3.6 16 32 5 2 5 5 3 3 130 6 6 350 5 1 0 8 0 80 7 1 
Obs290 290 1 1 0 0 1 0 0 7 7 1 28 3.8 0 0 0 0 4 4 7 5 100 5 5 130 4 0 4 10 0 100 6 1 
Obs291 291 1 1 0 2 1 3 0 5 8 1 27 3.8 12 10 2 1 0 3 4 10 100 5 0 500 4 0 6 8 0 100 7 1 
Obs292 292 1 1 0 2 1 0 0 8 6 1 31 3.8 2 3 2 1 0 1 6 5 180 5 10 60 9 3 4 1 0 30 7 1 
Obs293 293 1 1 0 1 1 3 0 8 9 1 30 3.8 2 2 0 1 4 6 3 5 50 2 10 10 3 0 5 9 0 100 7 1 
Obs294 294 1 1 1 3 1 1 0 10 0 0 20 2.9 3 2 3 2 3 10 10 5 1000 6 0 60 0 0 7 6 5 0 4 1 
Obs295 295 1 1 0 2 1 0 0 8 1 0 23 3.9 1 1 1 1 15 8 9 5 150 1 5 150 10 2 5 10 40 50 7 1 
Obs296 296 1 1 0 1 0 0 6 0 5 1 30 3.9 0 0 0 0 1 2 2 6 90 5 8 280 1 0 5 10 5 70 9 1 
Obs297 297 1 1 0 1 1 5 6 6 3 0 28 3.9 0 0 4 2 2 2 3 2 80 5 10 450 2 5 5 3 0 100 5 1 
Obs298 298 1 1 1 2 1 0 0 4 4 0 30 3 20 30 18 4 3 2 3 6 100 5 5 95 4 1 6 10 0 50 2 1 
Obs299 299 1 1 1 1 1 0 0 8 7 1 25 3.9 8 4 1 1 5 5 6 5 150 5 7 200 5 1 5 9 0 100 5 1 
Obs300 300 1 1 0 3 1 2 6 3 3 0 22 3.6 0 0 0 0 2 5 7 0 56 5 10 76 2 2 6 10 0 60 10 1 
Obs301 301 0 0 0 2 1 3 0 6 5 0 29 2.8 1 0 0 0 2 3 4 5 75 6 10 85 4 0 4 8 20 90 8 1 
Obs302 302 0 0 1 2 1 0 1 6 5 1 30 3.6 11 10 5 1 6 4 5 5 450 1 2 100 8 1 7 6 0 100 8 1 
Obs303 303 1 1 0 2 1 2 0 6 1 0 23 3.5 1 1 1 1 1 4 10 0 80 5 10 50 1 0 4 8 15 20 0 1 
Obs304 304 0 0 0 0 1 0 6 1 3 1 34 3.8 6 6 0 0 5 4 6 4 500 5 7 119 2 0 5 7 0 100 1 1 
Obs305 305 1 1 0 3 0 4 3 5 7 1 30 3.5 1 0 0 0 8 1 3 5 85 5 3 185 2 0 7 9 10 100 9 1 
Obs306 306 0 0 0 1 1 0 0 2 6 0 26 3.8 2 5 1 1 5 2 10 9 250 5 5 300 6 1 5 9 0 100 4 1 
Obs307 307 0 0 0 3 0 3 5 0 6 1 28 3.8 3 0 15 0 1 2 2 8 100 6 1 200 5 5 8 8 10 100 6 1 
Obs308 308 1 1 0 3 1 1 0 0 5 1 20 3.8 4 2 5 3 3 1 4 5 75 5 5 50 0 0 5 9 15 10 5 2 
Obs309 309 1 1 0 3 1 1 0 6 5 0 23 3 1 0 1 2 4 0 8 10 80 6 10 90 3 0 8 9 0 0 8 2 
Obs310 310 1 1 0 2 1 0 0 4 3 0 28 3.9 0 0 0 0 3 2 2 6 300 2 10 500 2 0 2 10 0 100 3 2 
Obs311 311 1 1 0 2 1 0 0 4 5 1 33 3.9 2 1 0 0 5 2 4 5 200 5 3 200 4 2 5 8 0 90 6 2 
Obs312 312 1 1 0 2 1 4 2 5 8 1 30 3.5 12 10 0 0 4 2 6 3 100 5 9 250 0 0 2 9 0 100 9 2 
Obs313 313 0 0 0 1 0 3 4 0 8 1 31 3.7 0 0 1 0 5 5 8 10 19999 6 5 10000 4 5 3 10 0 100 6 2 
Obs314 314 1 1 0 2 1 2 0 7 8 0 22 3.6 1 1 1 2 3 4 4 0 150 5 8 120 5 0 5 9 15 80 6 2 
Obs315 315 1 2 0 2 1 0 6 1 0 0 29 4 0 0 5 2 2 2 2 5 40 5 10 250 1 0 5 3 0 80 4 2 
Obs316 316 1 1 0 3 0 3 6 0 5 1 32 4 25 0 0 2 7 3 4 6 50 5 2 50 6 5 6 8 20 50 3 2 
Obs317 317 1 1 0 2 1 3 5 3 2 1 29 3.1 0 0 0 1 4 4 5 3 70 5 6 80 3 0 6 5 0 90 6 2 
Obs318 318 0 0 0 3 1 0 6 0 5 0 33 3.5 5 5 12 2 1 2 4 0 60 1 10 60 0 2 10 0 0 0 0 2 
Obs319 319 1 1 1 1 1 2 0 5 3 0 25 3.6 4 1 1 2 12 6 5 7 80 2 9 150 1 0 3 10 15 100 10 2 
Obs320 320 0 0 0 0 1 0 6 0 8 0 22 3.7 5 0 11 4 1 1 3 5 100 1 7 70 3 0 3 8 0 0 6 2 
Obs321 321 1 1 1 2 1 0 0 5 8 1 29 3.9 14 25 1 1 1 3 10 5 75 5 6 120 7 1 0 10 0 100 10 2 
Obs322 322 1 1 0 2 1 5 0 6 1 0 25 4 3 1 1 1 0 4 6 6 100 5 10 6000 5 2 5 10 0 100 6 2 
Obs323 323 1 1 0 2 1 0 0 0 5 0 26 3.8 8 7 16 3 7 4 3 5 60 6 4 100 6 3 0 10 0 100 1 2 
Obs324 324 1 1 0 2 1 0 2 6 7 0 30 2.9 10 12 0 1 7 2 5 2 130 5 10 60 3 0 1 4 0 0 6 2 
Obs325 325 0 0 0 0 1 0 6 0 3 0 21 3.5 0 0 0 1 0 1 1 5 65 6 10 30 5 5 1 5 10 0 9 2 
Obs326 326 1 1 0 3 1 1 0 5 3 1 19 2.6 1 0 0 0 2 5 5 5 500 5 4 60 2 0 7 6 5 100 5 2 
Obs327 327 1 1 0 1 1 0 0 2 1 0 28 4 7 8 1 1 9 3 6 3 70 5 9 64 1 0 7 9 0 50 9 2 
Obs328 328 0 0 0 3 1 5 0 5 6 1 22 1.2 8 0 6 3 4 10 3 7 60 5 5 60 5 0 6 8 40 100 6 2 
Obs329 329 1 1 0 2 1 0 6 0 7 1 31 3.4 7 12 1 0 2 2 3 5 100 5 7 145 4 0 6 8 0 20 2 2 
Obs330 330 1 1 0 1 0 3 7 0 7 1 33 3.7 0 0 0 0 1 3 3 4 2 5 2 100 4 1 7 10 0 100 7 2 
Obs331 331 0 0 0 3 0 3 6 3 1 0 26 3.2 1 1 1 0 2 8 5 8 100 5 10 150 5 0 5 9 0 100 8 2 
Obs332 332 0 0 0 2 1 0 0 9 3 0 23 3.3 0 0 0 0 4 3 10 5 200 5 10 60 7 1 8 10 5 0 7 2 
Obs333 333 1 1 0 2 0 1 0 6 3 0 23 3.6 0 0 0 0 5 3 2 7 90 5 7 100 3 0 2 8 0 70 7 2 
Obs334 334 1 1 0 3 1 2 5 8 5 1 26 3.5 6 6 2 1 4 4 4 5 70 5 10 40 0 0 7 7 0 0 1 2 
Obs335 335 0 0 1 2 1 3 7 2 5 0 29 1.9 6 14 0 2 1 2 4 1 70 6 10 40 5 0 3 5 0 100 5 2 
Obs336 336 1 1 1 1 1 0 0 2 4 0 27 3.8 5 7 2 1 15 1 5 1 150 5 9 65 0 0 4 7 0 10 8 2 
Obs337 337 1 1 0 2 1 0 0 4 4 1 25 3.6 7 3 2 1 10 2 4 5 150 5 10 140 3 0 5 10 0 50 5 2 
Obs338 338 0 0 0 3 1 2 0 7 10 1 26 3.8 1 2 2 2 15 3 4 4 45 5 10 24 2 0 4 9 0 10 4 2 
Obs339 339 0 0 1 0 1 0 6 1 3 1 29 3.3 6 3 3 1 2 4 3 5 120 5 2 140 5 4 7 9 0 50 8 2 
Obs340 340 1 1 1 2 1 0 0 3 6 1 33 3.8 14 12 17 2 4 4 10 4 150 2 6 200 5 0 3 9 10 50 8 2 
Obs341 341 1 1 0 1 0 1 0 5 5 1 24 3.8 2 1 1 2 2 4 3 8 200 5 10 120 3 0 5 6 5 50 3 2 
Obs342 342 1 1 1 2 1 0 0 5 5 0 24 2.7 4 3 0 0 5 4 5 5 50 5 7 80 5 0 5 8 5 90 10 2 
Obs343 343 0 0 0 2 1 0 6 7 10 1 17 3.2 1 1 0 2 1 1 2 5 99999 2 10 0 4 0 10 0 0 100 0 2 
Obs344 344 1 1 1 2 1 0 0 6 7 1 31 3.6 10 20 3 2 5 5 8 8 150 5 4 150 6 1 3 8 0 90 0 2 
Obs345 345 1 1 1 2 1 0 1 7 6 0 22 3.5 6 4 4 2 10 3 15 0 60 5 6 300 5 0 5 8 0 90 10 2 
Obs346 346 1 1 1 2 1 0 6 0 6 1 33 3.6 10 15 1 1 1 2 7 2 80 5 10 300 2 0 5 7 0 100 9 2 
Obs347 347 0 0 0 3 1 2 5 1 1 0 23 2.7 3 5 2 2 3 2 3 9 100 2 10 60 1 0 2 8 10 10 2 2 
Obs348 348 1 1 0 3 1 2 0 7 8 1 22 3.5 0 0 1 1 1 2 3 7 40 2 9 41 10 0 7 10 10 0 3 2 
Obs349 349 1 1 0 2 1 0 0 4 6 0 24 3 7 7 7 1 2 5 3 3 200 5 5 500 5 0 5 10 0 60 5 2 
Obs350 350 1 1 0 1 1 1 0 8 8 0 21 4 3 0 7 2 6 2 2 3 150 5 10 34 1 0 7 8 10 0 6 2 
Obs351 351 0 0 0 1 1 1 2 6 8 1 30 3.3 0 0 0 0 1 4 6 6 200 5 8 60 8 1 3 10 0 0 7 2 
Obs352 352 0 0 0 3 1 2 0 3 6 0 24 3.3 0 0 3 0 7 10 5 8 100 5 10 40 2 0 2 7 0 0 0 2 
Obs353 353 1 1 0 3 1 1 0 0 7 0 22 2.5 1 0 0 0 0 0 0 10 1000 5 0 50 1 0 5 10 5 20 8 2 
Obs354 354 1 1 0 1 1 0 0 7 0 0 27 2.2 0 0 0 1 0 7 3 3 80 2 10 100 2 0 8 8 15 0 7 2 
Obs355 355 1 1 0 2 1 0 0 7 6 1 28 4 8 12 9 1 4 2 15 1 90 5 3 275 7 1 5 9 10 90 10 2 
Obs356 356 0 0 1 0 1 2 0 5 7 1 26 3.1 10 45 3 0 3 4 4 0 52000 2 10 250 3 0 2 10 0 90 6 2 
Obs357 357 1 1 0 2 1 5 7 0 0 0 28 4 8 4 1 1 4 4 10 7 300 5 10 90 0 0 4 9 0 30 10 2 
Obs358 358 1 1 0 3 1 1 5 7 3 1 21 3.3 13 9 3 0 7 4 13 5 150 2 7 150 8 2 7 10 25 10 6 2 
Obs359 359 0 0 0 2 1 2 0 7 10 1 27 3.6 15 30 1 0 1 5 4 8 250 5 10 120 10 1 8 6 45 0 5 2 
Obs360 360 0 0 0 3 1 2 0 5 8 1 23 2.8 0 0 0 0 1 4 2 5 20 5 7 30 3 0 7 5 20 0 5 2 
Obs361 361 1 1 0 1 1 4 3 5 2 1 28 3 0 12 0 0 10 4 5 9 250 6 10 200 2 0 3 5 5 90 9 2 
Obs362 362 1 1 0 2 1 1 0 6 3 1 21 3.4 12 4 0 0 2 4 5 5 450 5 0 0 1 0 4 7 0 0 7 2 
Obs363 363 1 1 1 3 1 0 0 3 0 0 28 3.5 15 20 4 2 5 4 10 8 100 2 10 200 5 1 3 10 0 100 10 2 
Obs364 364 1 1 0 2 1 0 0 7 4 0 30 3.5 5 2 0 1 1 3 7 0 120 5 7 105 3 0 5 10 0 100 8 2 
Obs365 365 1 1 0 2 1 0 6 2 7 1 34 3.6 8 14 2 1 1 1 3 0 200 5 7 70 2 0 8 5 10 90 7 2 
Obs366 366 0 0 1 2 1 3 0 2 0 0 18 2.7 10 20 12 1 6 3 5 10 150 2 0 75 5 0 9 7 0 100 4 2 
Obs367 367 1 1 0 2 1 0 0 6 7 1 22 3 12 15 5 1 5 4 5 5 100 5 10 100 3 0 5 10 0 100 5 2 
Obs368 368 0 0 1 1 1 5 0 7 10 0 24 3.6 2 2 0 0 7 3 5 5 300 5 3 200 8 1 0 10 10 100 1 2 
Obs369 369 1 1 0 2 1 1 0 8 6 1 23 2.4 0 0 7 2 2 5 2 6 500 5 10 52 6 4 6 7 0 0 6 2 
Obs370 370 1 1 0 3 0 3 4 5 3 1 29 3.9 0 0 2 2 2 3 4 7 100 5 3 160 4 0 5 10 0 100 3 2 
Obs371 371 0 0 0 3 1 2 0 5 6 1 26 3.4 3 5 0 0 7 3 12 7 100 5 10 170 4 0 4 7 0 40 6 2 
Obs372 372 1 1 1 2 1 0 1 7 3 1 26 3.5 4 5 3 2 20 5 8 5 800 5 9 100 5 2 3 10 0 100 8 2 
Obs373 373 1 1 0 2 1 0 0 3 5 1 31 3.7 6 8 0 1 5 5 10 3 60 2 5 80 3 0 2 8 10 10 10 2 
Obs374 374 1 1 1 1 1 0 0 5 7 1 28 4 15 15 1 1 8 5 3 6 100 1 3 200 5 1 3 8 0 90 6 2 
Obs375 375 1 1 1 2 1 0 1 8 8 1 28 4 9 20 0 0 2 4 10 6 60 2 8 150 2 0 5 9 0 20 7 2 
Obs376 376 1 1 0 3 1 2 0 7 9 1 21 2.5 0 0 1 1 4 8 6 8 300 2 8 20 2 0 5 8 0 0 7 2 
Obs377 377 1 1 0 2 1 2 5 7 10 0 23 4 0 0 1 1 2 5 3 6 60 5 10 30 0 0 5 8 0 0 2 2 
Obs378 378 1 1 0 1 0 4 3 2 2 1 32 4 1 0 0 0 7 5 6 4 60 5 8 457 4 2 5 1 5 100 5 2 
Obs379 379 0 0 1 1 1 0 0 7 0 0 24 3 10 45 4 3 3 10 7 9 200 1 4 180 6 1 5 9 0 40 8 2 
Obs380 380 1 1 0 1 1 5 0 6 6 1 26 3.7 3 3 3 2 7 4 3 5 100 5 5 170 5 5 3 7 10 90 2 2 
Obs381 381 1 1 0 2 1 0 6 0 8 0 30 3.8 5 3 0 0 5 2 15 2 120 5 6 180 2 0 3 6 10 10 8 2 
Obs382 382 0 0 0 1 0 3 7 3 7 1 28 3.5 0 0 1 1 2 1 2 5 200 3 7 1000 5 2 8 6 0 100 8 2 
Obs383 383 1 1 0 3 1 2 5 6 4 0 25 2.1 5 3 2 2 30 10 15 2 70 2 10 30 0 0 3 10 0 100 7 2 
Obs384 384 0 0 0 3 0 3 7 0 0 1 28 3.2 0 0 5 1 2 2 0 8 20 5 0 100 5 0 6 7 0 100 10 2 
Obs385 385 1 1 0 2 0 0 0 7 4 0 29 3.9 6 4 0 0 6 2 5 5 500 5 10 200 2 0 3 10 0 100 7 2 
Obs386 386 1 1 0 3 1 2 0 3 3 1 23 3.2 3 2 0 0 7 7 4 10 900 5 10 60 5 0 5 6 15 20 0 2 
Obs387 387 0 0 1 2 1 2 5 8 10 1 23 3.1 3 2 1 1 7 2 10 8 200 2 10 39 2 0 5 10 25 40 10 2 
Obs388 388 1 1 0 3 1 2 0 5 5 1 24 2.9 0 0 1 2 4 4 1 10 100 5 0 65 0 0 0 10 10 10 10 2 
Obs389 389 1 1 0 3 1 5 0 8 5 0 22 3.6 5 4 1 0 10 4 3 0 80 6 10 20 6 0 0 9 0 0 7 2 
Obs390 390 1 1 1 2 1 5 5 6 3 0 24 3.8 6 4 3 0 1 3 6 1 70 5 9 75 1 0 6 9 0 70 9 2 
Obs391 391 0 0 1 2 1 0 5 5 0 1 24 3.8 12 18 2 0 5 3 4 5 150 5 7 170 4 0 6 9 0 100 7 2 
Obs392 392 0 0 0 3 1 1 0 6 5 1 20 2.8 3 0 7 1 1 10 3 8 10000 5 10 60 0 0 10 8 0 50 2 2 
Obs393 393 0 0 1 2 1 0 1 5 6 1 28 2.9 30 30 3 0 3 3 2 5 1000 5 8 200 3 0 5 8 25 10 5 2 
Obs394 394 1 1 0 3 0 3 7 1 2 1 27 3.3 4 3 1 1 2 2 5 5 800 5 8 800 5 5 4 8 0 100 2 2 
Obs395 395 1 1 0 3 1 3 6 0 4 1 25 2.8 3 2 4 1 0 4 6 0 70 6 7 80 2 0 5 6 0 100 5 2 
Obs396 396 1 1 0 2 1 0 0 9 7 1 30 4 0 0 0 1 5 3 5 2 75 5 7 100 2 0 6 8 0 100 3 2 
Obs397 397 1 1 1 0 1 0 0 9 8 1 35 3.9 2 2 0 1 2 6 5 6 150 6 6 200 7 1 2 10 0 100 8 2 
Obs398 398 1 1 1 2 0 3 0 5 4 1 30 3.5 15 2 1 1 3 10 10 5 100 5 7 100 3 5 5 8 0 100 6 2 
Obs399 399 1 1 0 3 1 1 0 5 3 0 21 3.5 0 0 0 1 2 10 4 5 60 5 10 90 0 0 5 8 0 100 5 2 
Obs400 400 1 1 1 2 1 0 1 6 10 1 31 3.2 2 2 2 1 1 4 6 0 75 5 2 80 4 0 5 10 15 70 8 2 
Obs401 401 0 0 0 2 1 0 1 8 4 0 26 3.7 0 1 0 1 16 2 3 3 120 5 10 500 6 0 7 10 0 100 2 2 
Obs402 402 1 1 0 2 1 0 0 6 1 0 32 3.9 0 0 0 0 4 2 10 2 50 5 8 80 3 0 3 8 0 10 7 2 
Obs403 403 1 1 1 2 1 5 0 8 4 1 25 3.4 12 30 2 0 3 2 11 7 500 5 5 300 5 5 6 6 0 100 9 2 
Obs404 404 1 1 1 2 1 0 0 7 7 1 28 2.9 9 10 6 1 6 6 10 0 100 1 0 200 6 1 4 9 0 80 4 2 
Obs405 405 1 1 0 2 1 0 5 6 5 0 30 3.9 4 5 3 0 16 4 6 4 350 5 10 100 2 0 6 10 0 100 10 2 
Obs406 406 1 1 1 0 1 0 0 3 5 1 29 3.8 7 9 5 3 1 10 8 1 60 5 4 130 7 0 5 10 10 10 8 2 
Obs407 407 0 0 1 2 1 0 0 5 1 1 31 3.1 9 20 2 2 7 2 5 10 500 5 5 350 8 1 5 10 10 100 6 2 
Obs408 408 1 1 1 2 1 0 1 5 7 1 25 3.7 7 5 0 1 2 3 15 6 50 5 10 300 5 0 4 9 0 100 6 2 
Obs409 409 1 1 0 2 1 1 0 5 8 1 22 4 4 0 1 1 3 5 5 7 72 5 0 51 0 0 5 6 20 20 7 2 
Obs410 410 1 1 1 2 1 4 2 5 2 1 29 3.4 10 20 0 0 2 5 7 5 120 5 8 30 1 0 5 9 10 80 4 2 
Obs411 411 1 1 0 3 1 2 6 0 2 1 22 2.2 10 10 13 1 6 5 5 5 50 5 10 11 3 0 5 10 0 50 7 2 
Obs412 412 1 1 0 3 1 2 0 5 10 1 21 2 4 2 6 3 20 4 3 1 175 5 10 70 5 0 5 10 10 10 9 2 
Obs413 413 0 0 0 2 1 0 0 9 10 1 35 4 0 0 0 1 1 1 7 4 150 1 7 200 7 1 3 10 10 70 8 2 
Obs414 414 1 1 0 2 0 3 6 0 0 1 31 3.9 0 0 1 5 0 3 8 4 50 5 5 120 5 5 6 10 10 100 7 2 
Obs415 415 1 1 0 3 1 0 0 5 0 0 22 3.1 20 30 3 1 4 7 3 5 90 6 5 180 5 1 3 8 0 100 0 2 
Obs416 416 0 0 0 1 1 4 6 2 8 1 28 2.9 10 10 0 0 2 1 10 7 60 5 6 150 5 0 5 10 0 100 2 2 
Obs417 417 0 0 0 2 0 4 3 1 1 1 30 3.5 3 2 4 2 3 4 5 7 250 5 8 275 3 0 5 6 0 80 5 2 
Obs418 418 1 1 1 3 1 0 0 6 8 1 27 3.8 6 6 0 0 3 3 8 5 180 2 5 300 2 0 5 9 0 50 4 2 
Obs419 419 1 1 0 3 1 1 0 6 5 1 20 2.7 4 0 0 0 1 10 7 5 150 5 5 30 1 0 0 4 0 0 8 2 
Obs420 420 1 1 0 0 1 2 0 6 6 1 24 3 5 0 2 2 12 8 5 0 43 2 7 60 8 0 5 10 10 0 0 2 
Obs421 421 0 0 1 2 1 0 6 3 2 1 32 3.2 25 40 1 1 1 1 10 7 150 5 3 100 7 1 3 8 15 70 2 2 
Obs422 422 0 0 1 3 1 0 0 1 3 1 27 3.1 5 24 1 1 2 2 3 8 999 5 9 185 8 1 5 10 0 70 1 2 
Obs423 423 1 1 0 2 1 3 7 0 7 1 32 3.6 3 4 1 2 2 4 7 10 100 5 5 150 5 5 1 8 0 100 2 2 
Obs424 424 0 0 0 3 0 3 7 0 8 1 32 3.9 0 0 0 0 2 5 3 8 500 6 6 30 5 5 5 7 0 100 4 2 
Obs425 425 1 1 0 2 1 1 0 7 5 0 24 3.8 1 0 0 1 0 3 2 5 300 5 8 35 0 0 5 8 40 30 8 2 
Obs426 426 0 0 0 3 1 1 0 6 2 0 23 3.7 2 3 4 1 1 4 10 5 100 5 10 150 2 0 7 8 0 70 4 2 
Obs427 427 0 0 0 1 1 0 6 2 3 0 19 3.3 5 4 1 0 4 4 6 6 80 2 8 130 3 0 3 10 0 100 3 2 
Obs428 428 1 1 0 3 0 3 4 3 3 1 24 3.8 0 0 0 2 1 3 3 6 50 5 8 250 5 2 4 7 0 20 5 2 
Obs429 429 1 1 0 3 1 2 5 8 7 1 25 4 0 0 0 0 1 2 4 5 50 5 8 41 0 0 5 10 5 0 0 2 
Obs430 430 0 0 1 2 1 0 0 2 5 1 32 3.9 6 10 10 2 2 2 8 2 60 5 10 100 5 0 2 5 0 100 3 2 
Obs431 431 1 1 1 3 0 3 0 6 3 1 34 3.9 0 0 6 2 5 1 6 4 200 5 10 1500 5 5 7 9 0 100 3 2 
Obs432 432 1 1 1 2 1 0 0 5 0 0 25 3.2 10 15 1 1 6 6 4 5 500 5 8 700 5 2 0 10 0 100 9 2 
Obs433 433 1 1 0 0 1 0 7 0 10 1 31 3 2 0 4 2 3 2 3 5 100 5 9 70 0 0 5 8 15 20 10 2 
Obs434 434 1 1 1 3 1 0 4 4 2 0 30 3 9 10 4 2 3 2 5 6 70 5 9 200 3 0 9 8 0 80 7 2 
Obs435 435 0 0 0 2 1 0 7 0 3 0 28 3.5 0 0 0 0 6 4 3 2 60 5 10 120 0 2 5 6 15 0 3 2 
Obs436 436 1 1 1 2 1 0 1 5 3 0 25 3.6 3 0 0 0 10 2 10 6 10 5 5 100 4 0 3 10 0 100 5 2 
Obs437 437 0 0 0 0 1 0 0 7 1 0 13 3.4 0 1 5 0 0 2 2 5 10 2 10 9 7 0 0 0 0 0 5 2 
Obs438 438 0 0 0 3 1 5 0 5 8 1 31 3.3 2 2 2 0 3 2 10 7 120 5 3 200 7 1 4 8 0 70 4 2 
Obs439 439 0 0 0 3 0 3 7 0 8 0 34 3 0 0 0 0 5 1 4 10 100 5 0 200 0 5 10 5 0 100 5 2 
Obs440 440 0 0 0 3 1 0 7 0 5 0 28 3.3 8 4 26 5 2 1 4 7 100 1 10 60 8 2 9 9 15 60 8 2 
Obs441 441 1 1 0 0 1 3 6 2 8 1 31 3.8 0 0 0 1 1 3 8 2 80 5 9 110 3 0 6 3 0 100 6 2 
Obs442 442 1 1 0 1 0 0 1 2 0 0 24 3.6 2 3 0 2 5 5 5 4 100 5 10 300 2 0 5 10 0 10 5 2 
Obs443 443 0 0 0 0 1 0 7 0 2 0 23 3.4 1 3 2 0 1 3 3 5 15 6 5 200 0 5 4 10 0 80 6 2 
Obs444 444 1 1 0 3 1 3 6 0 5 1 29 4 0 0 0 0 1 1 3 5 80 5 7 70 6 0 5 7 5 80 4 2 
Obs445 445 1 1 0 0 1 3 7 3 4 1 25 2.9 5 8 7 0 3 2 4 7 100 5 8 900 4 1 5 7 0 100 6 2 
Obs446 446 0 0 1 2 1 0 1 2 1 1 29 2.9 6 10 1 1 2 2 3 5 70 5 5 120 6 1 3 9 0 100 5 2 
Obs447 447 0 0 1 1 0 3 0 4 5 1 25 3.4 9 0 6 5 7 2 3 8 10000 5 5 10000 6 5 7 7 30 80 4 2 
Obs448 448 0 0 0 3 1 1 5 7 10 1 32 3.6 0 3 9 3 0 5 13 7 90 2 10 230 5 0 5 0 25 0 4 2 
Obs449 449 0 0 0 3 1 2 0 2 8 0 25 3.4 10 10 4 3 4 7 2 7 99 5 7 29 5 0 8 8 0 100 7 2 
Obs450 450 1 1 0 2 1 0 0 10 8 1 27 3.8 0 0 2 1 3 5 2 0 90 2 8 170 0 0 2 9 0 100 9 2 
Obs451 451 1 1 0 2 1 0 5 5 5 0 19 3.4 0 0 0 0 4 3 5 5 150 5 9 200 5 0 5 9 0 100 6 2 
Obs452 452 1 1 0 0 1 0 5 5 5 1 21 3.8 0 0 1 2 7 2 6 10 80 6 7 100 1 0 3 9 10 0 9 2 
Obs453 453 1 1 0 2 1 0 0 8 6 0 23 3.5 10 6 0 0 6 5 5 5 115 1 5 250 7 1 5 10 5 40 2 2 
Obs454 454 0 0 0 2 1 5 0 7 7 1 31 2.9 3 0 0 1 1 1 1 5 70 1 7 30 7 1 5 8 0 90 4 2 
Obs455 455 1 1 1 1 0 0 1 3 3 0 26 3.8 9 15 0 0 3 2 4 0 35 5 0 54 4 0 7 9 0 100 4 2 
Obs456 456 0 0 0 3 0 3 7 2 5 1 31 3.6 0 2 7 3 2 2 1 8 700 5 5 750 6 1 2 6 0 100 9 2 
Obs457 457 1 1 0 3 1 0 6 3 5 0 29 3.4 6 3 0 0 3 1 4 6 70 5 7 65 4 2 3 4 0 70 0 2 
Obs458 458 1 1 1 2 1 0 1 4 3 0 26 3.9 5 3 0 0 7 3 5 0 60 2 10 400 3 0 4 10 0 100 9 2 
Obs459 459 0 0 0 3 1 2 5 1 3 1 21 2.8 8 25 0 2 2 3 3 5 300 5 10 120 5 0 4 8 0 100 0 2 
Obs460 460 1 1 0 2 1 0 0 1 10 1 26 3.2 8 16 1 1 9 2 3 6 100 5 10 100 2 0 5 10 0 50 6 2 
Obs461 461 1 1 0 2 1 0 7 0 6 0 24 3.7 10 18 3 3 4 5 4 4 75 5 10 400 0 0 6 6 0 100 10 2 
Obs462 462 1 1 1 3 1 2 0 6 2 0 29 3.6 6 8 1 1 3 2 3 5 90 5 6 90 4 0 6 7 10 50 3 2 
Obs463 463 1 1 0 2 1 3 4 3 4 1 27 3.6 8 8 1 1 1 5 5 8 100 5 7 125 3 0 5 7 0 70 5 2 
Obs464 464 1 1 0 3 1 1 5 8 7 0 24 2.7 5 4 0 0 3 3 1 2 99999 6 1 2 0 0 5 10 0 0 5 2 
Obs465 465 1 1 0 2 1 1 7 0 7 1 28 2.8 4 4 2 1 1 4 4 4 50 5 10 200 3 0 5 5 20 90 0 2 
Obs466 466 1 1 0 1 0 1 0 6 7 1 23 2.9 3 2 0 1 4 4 5 5 175 2 10 300 2 0 3 8 15 90 9 2 
Obs467 467 1 1 1 2 0 0 0 7 3 0 26 3.7 4 6 3 3 5 5 20 8 60 5 8 300 3 0 5 8 0 100 8 2 
Obs468 468 1 1 1 2 1 0 1 6 0 0 24 3.8 6 4 0 0 7 5 4 10 100 2 5 5500 0 0 8 6 0 100 1 2 
Obs469 469 1 1 0 3 0 4 3 7 4 0 33 3.9 0 0 0 0 1 1 1 3 500 5 10 700 0 0 5 10 0 100 5 2 
Obs470 470 1 1 0 1 1 3 7 1 3 0 27 3.5 0 0 0 1 3 5 2 5 44 5 5 29 1 0 8 9 5 70 8 2 
Obs471 471 1 1 1 3 1 0 0 7 5 0 26 3.5 2 2 1 1 3 2 1 0 85 5 8 300 3 0 4 8 5 100 10 2 
Obs472 472 0 0 0 1 0 0 0 10 5 0 24 3.2 0 0 0 3 3 3 2 8 900 1 10 125 8 1 5 10 0 0 4 2 
Obs473 473 1 1 1 2 1 5 0 7 5 0 32 3.4 8 7 0 1 3 6 10 5 250 5 5 80 2 0 5 6 0 70 3 2 
Obs474 474 1 1 1 2 1 0 1 4 0 1 29 3.2 10 10 3 0 8 4 10 3 100 5 5 500 2 0 1 8 0 100 6 2 
Obs475 475 1 1 1 1 1 0 0 5 8 1 28 4 8 8 1 1 1 5 6 5 100 6 4 300 7 1 4 9 0 90 8 2 
Obs476 476 0 0 0 3 1 1 6 0 9 0 27 3.5 3 5 1 5 2 3 10 3 120 5 10 70 3 0 5 3 0 100 7 2 
Obs477 477 1 1 1 0 1 0 0 9 8 0 21 3.8 10 20 3 2 13 5 5 6 90 5 1 100 5 0 0 8 0 100 5 2 
Obs478 478 0 0 0 3 0 3 7 0 10 1 30 3.3 5 15 5 2 2 3 10 8 500 5 5 300 9 1 3 8 0 100 7 2 
Obs479 479 0 0 0 2 1 0 0 5 7 1 31 4 0 5 0 0 2 1 7 3 80 5 10 70 2 0 5 9 5 90 7 2 
Obs480 480 0 0 0 3 1 2 5 8 9 0 22 3.1 3 2 13 5 5 3 2 5 100 5 8 51 3 0 5 9 5 20 8 2 
Obs481 481 0 0 0 3 0 0 7 0 4 1 32 3.6 0 5 2 2 1 1 6 2 60 3 10 200 9 0 8 10 0 100 3 2 
Obs482 482 0 0 0 3 1 1 0 3 4 0 30 2.1 2 6 3 1 5 5 3 7 90 6 10 11 0 0 7 7 0 0 4 2 
Obs483 483 0 0 0 3 1 3 0 5 3 1 34 3.5 4 10 3 0 1 3 6 4 1000 6 5 100 6 5 9 10 0 90 10 2 
Obs484 484 0 0 0 3 0 3 5 5 5 1 27 3.6 7 0 0 1 3 3 4 8 80 5 5 150 5 0 5 10 0 100 6 2 
Obs485 485 1 1 0 2 1 5 7 0 6 1 33 3.9 3 8 0 0 1 1 7 0 50 5 10 60 0 0 3 8 0 100 8 2 
Obs486 486 1 1 0 0 1 1 0 7 2 0 24 3.9 4 3 3 2 1 7 5 0 70 2 5 55 3 0 2 8 5 0 4 2 
Obs487 487 1 1 0 1 1 3 0 8 0 1 26 3.9 0 0 1 2 1 3 5 2 80 6 8 120 5 2 5 10 10 90 7 2 
Obs488 488 0 0 1 3 1 0 0 0 5 0 24 3.3 1 4 1 1 0 1 3 5 150 5 10 35 4 5 5 3 0 100 1 2 
Obs489 489 1 1 0 0 1 0 0 5 1 0 24 3.5 4 2 0 2 1 5 2 3 70 4 10 300 3 0 7 8 0 100 9 2 
Obs490 490 1 1 0 2 0 3 7 0 6 1 32 3.5 6 0 1 0 3 5 10 5 100 5 3 200 5 5 7 7 0 50 4 2 
Obs491 491 1 1 0 2 1 0 0 4 1 0 29 3.9 10 6 0 0 5 1 5 2 80 5 9 150 1 0 5 9 0 100 10 2 
Obs492 492 1 1 0 0 1 0 7 0 7 1 30 3.6 0 0 0 0 2 2 1 3 70 5 9 60 1 0 5 8 10 40 2 2 
Obs493 493 1 1 0 2 1 1 0 5 8 0 25 3.3 0 0 0 0 6 3 2 5 150 5 5 85 5 0 5 8 0 30 8 2 
Obs494 494 1 1 1 2 1 0 0 6 8 1 25 3.8 4 6 1 1 14 3 8 3 80 5 5 150 4 0 8 9 0 100 9 2 
Obs495 495 1 1 0 2 1 0 6 1 10 1 36 3.5 0 0 4 5 2 1 2 3 200 2 10 80 1 0 5 10 10 90 7 2 
Obs496 496 0 0 1 3 1 1 0 3 3 1 23 3.9 4 2 0 0 4 5 5 0 4 2 8 43 2 3 3 2 15 20 3 2 
Obs497 497 1 1 1 2 1 0 1 3 0 0 31 3.6 11 15 2 2 1 4 10 5 100 5 8 175 4 0 4 8 0 90 6 2 
Obs498 498 1 1 1 2 1 0 0 4 10 1 24 2.9 5 15 1 1 11 3 3 5 100 6 5 200 6 5 7 8 0 40 7 2 
Obs499 499 1 1 0 3 1 2 0 5 0 0 19 3.7 0 0 1 1 4 2 2 10 500 5 10 45 2 0 5 7 0 100 7 2 
Obs500 500 1 1 0 3 1 1 0 4 9 1 22 2.7 1 0 2 2 5 7 2 5 68 5 0 51 7 0 6 9 10 100 10 2 
Obs501 501 1 1 0 3 1 2 5 8 8 0 21 3.8 4 2 2 1 3 6 3 0 80 5 9 50 0 0 5 10 0 0 8 2 
Obs502 502 1 1 0 1 0 0 0 3 0 0 22 3.7 1 3 4 3 2 3 5 5 70 5 9 100 5 5 0 8 0 50 0 2 
Obs503 503 1 1 0 2 1 3 0 7 10 1 28 3.8 10 5 5 1 2 10 40 4 90 2 6 72 5 5 6 4 15 30 10 2 
Obs504 504 1 1 0 2 1 1 0 5 5 1 21 3.3 3 3 1 2 5 3 4 9 100 2 5 70 0 0 6 9 5 100 10 2 
Obs505 505 1 1 1 2 1 0 0 5 3 0 30 2.7 15 20 1 0 1 5 4 8 100 2 5 100 2 0 4 7 0 80 6 2 
Obs506 506 1 1 0 3 1 5 6 4 6 1 25 4 8 3 2 0 1 4 4 4 70 5 6 80 3 0 6 6 10 90 2 2 
Obs507 507 1 1 0 2 0 0 0 10 4 1 23 2.6 1 0 1 2 14 1 10 1 100 1 1 80 10 1 5 10 0 100 10 2 
Obs508 508 1 1 0 2 1 5 2 6 0 1 31 3.8 0 0 0 0 5 6 6 5 100 5 10 60 0 0 5 9 0 0 0 2 
Obs509 509 0 0 0 2 1 2 0 6 7 1 21 2.8 4 3 1 1 10 10 5 10 140 5 10 140 5 0 3 10 0 0 3 2 
Obs510 510 0 0 0 2 1 3 6 1 0 1 27 2.4 12 20 0 0 1 7 3 5 80 6 5 45 5 0 3 7 0 100 0 2 
Obs511 511 1 1 0 0 1 0 0 4 0 0 30 3.3 8 9 3 0 4 5 6 5 90 5 0 250 7 1 4 7 0 100 10 2 
Obs512 512 1 1 1 2 1 0 0 2 0 0 26 2.9 2 5 15 2 7 2 35 5 999 6 10 999 5 0 9 8 20 10 10 2 
Obs513 513 1 1 1 2 1 0 1 1 4 0 24 3.8 8 5 1 0 7 4 5 0 100 5 5 400 0 1 5 7 0 100 6 2 
Obs514 514 1 1 1 1 1 0 0 7 0 0 25 3 0 0 8 2 2 5 8 2 355 2 10 150 0 0 10 5 0 100 5 2 
Obs515 515 1 1 0 2 1 5 6 3 7 0 28 4 1 1 1 1 12 4 6 4 75 5 8 90 9 0 5 7 5 100 9 2 
Obs516 516 1 1 0 2 1 1 0 10 8 1 27 3.8 0 0 0 0 12 3 7 4 120 5 9 23 5 2 5 9 5 10 8 2 
Obs517 517 1 1 1 2 1 0 0 8 8 1 26 3.8 15 24 1 1 1 4 20 2 80 5 10 100 5 5 2 10 0 100 10 2 
Obs518 518 1 1 1 2 1 0 0 5 5 0 27 3.8 8 5 0 0 5 8 20 5 90 5 7 175 3 0 6 8 0 100 4 2 
Obs519 519 0 0 0 1 0 3 7 0 7 1 32 3.7 2 0 10 8 3 2 5 4 200 5 5 100 5 5 5 10 0 100 8 2 
Obs520 520 0 0 0 0 1 0 0 4 5 1 28 2.7 4 2 1 1 5 1 2 7 70 2 10 100 3 0 1 9 15 10 6 2 
Obs521 521 1 1 1 2 1 0 1 3 6 0 24 2.6 3 8 0 0 7 3 20 2 41 2 10 100 2 2 7 10 0 10 7 2 
Obs522 522 1 1 1 1 1 0 0 4 2 0 24 3.5 3 1 7 2 6 4 4 2 85 5 5 135 8 1 4 10 0 100 8 2 
Obs523 523 1 1 1 2 1 2 0 5 5 1 24 3.7 7 10 0 0 3 5 5 5 70 5 7 40 4 0 4 8 0 50 4 2 
Obs524 524 1 1 0 3 1 1 5 8 5 0 19 3 2 0 1 1 3 10 7 7 100 5 10 50 4 0 7 7 20 0 10 2 
Obs525 525 1 1 0 2 0 5 0 5 8 1 31 4 1 0 0 0 1 0 6 5 75 5 9 100 4 0 6 7 0 100 7 2 
Obs526 526 1 1 1 2 1 0 0 5 4 0 23 3.9 5 25 3 1 3 1 10 2 90 1 8 300 7 1 3 10 5 100 2 2 
Obs527 527 1 1 0 3 1 5 0 6 7 0 22 2.5 2 3 6 1 2 3 2 9 100 5 9 100 2 5 9 8 10 100 0 2 
Obs528 528 1 1 1 2 1 0 0 2 5 0 28 3.6 5 4 1 1 1 3 10 3 600 5 10 600 3 0 5 10 10 60 0 2 
Obs529 529 1 1 0 1 1 0 0 4 3 0 28 3.7 2 0 0 0 2 2 10 7 100 2 8 90 2 0 3 7 0 100 0 2 
Obs530 530 1 1 0 3 1 2 7 0 2 0 29 3.7 10 15 16 2 4 6 10 5 100 5 10 500 2 0 5 5 0 100 5 2 
Obs531 531 0 0 0 2 1 0 0 2 1 1 34 3.7 9 18 0 0 2 3 4 3 70 2 9 150 3 0 4 9 10 90 8 2 
Obs532 532 1 1 1 2 1 0 1 5 4 0 25 3.9 6 6 0 0 4 3 7 5 50 6 10 400 5 1 3 10 0 100 10 2 
Obs533 533 1 1 0 2 1 0 6 1 5 0 25 4 4 0 0 0 1 2 5 2 75 5 10 30 2 0 4 3 10 0 4 2 
Obs534 534 0 0 0 2 1 0 0 4 8 1 26 3.9 15 30 1 0 4 5 11 10 100 6 10 20 5 2 5 10 20 0 3 2 
Obs535 535 1 1 0 2 1 4 3 7 5 1 26 3.9 6 2 0 0 3 4 5 5 75 5 7 500 4 0 7 8 15 100 10 2 
Obs536 536 1 1 1 0 1 0 0 5 3 0 27 3.3 6 15 7 2 4 2 8 6 100 5 5 91 6 2 4 9 0 40 8 2 
Obs537 537 1 1 1 3 0 0 7 0 6 0 26 3 2 8 1 2 3 2 3 7 100 2 9 120 5 4 6 8 0 100 9 2 
Obs538 538 0 0 0 0 1 0 0 1 5 0 26 3.9 0 0 3 1 4 3 2 7 150 1 0 200 9 1 5 10 0 30 9 2 
Obs539 539 1 1 0 2 1 0 6 3 7 1 33 4 8 8 1 1 2 2 6 4 200 5 10 350 2 2 3 5 0 50 4 2 
Obs540 540 1 1 0 0 1 0 5 0 4 0 26 3.7 4 6 2 1 1 4 3 5 50 5 7 750 6 1 5 8 0 100 10 2 
Obs541 541 1 1 0 2 1 2 6 1 2 1 33 3.8 0 0 0 0 2 2 4 3 75 5 10 100 1 3 3 7 10 0 2 2 
Obs542 542 1 1 0 0 1 1 0 7 4 0 26 3.6 7 6 3 1 2 6 6 3 100 5 8 100 3 0 6 8 0 80 8 2 
Obs543 543 0 0 1 3 0 4 0 5 0 1 27 3.3 13 30 5 1 2 5 9 2 5000 5 3 500 2 0 2 10 0 100 4 2 
Obs544 544 1 1 0 2 1 5 6 1 3 1 30 3.1 1 1 2 1 1 5 2 5 100 6 10 100 5 5 1 7 0 100 7 2 
Obs545 545 1 1 0 1 1 1 0 6 4 0 21 3.8 0 0 0 0 14 3 2 7 100 5 10 50 5 0 4 7 0 70 5 2 
Obs546 546 1 0 0 1 1 0 7 0 8 1 27 3.7 6 6 3 3 1 2 17 0 55 5 10 99 2 0 5 4 20 50 6 2 
Obs547 547 0 0 1 2 1 0 0 2 9 1 27 2 6 18 1 0 2 4 7 5 250 1 2 0 5 1 1 8 10 90 6 2 
Obs548 548 1 1 0 3 1 1 5 2 0 0 25 2.3 10 2 2 2 8 10 10 7 100 6 10 20 5 0 8 9 20 0 10 2 
Obs549 549 1 1 0 3 1 0 0 9 4 0 23 3.6 6 11 4 1 4 2 4 2 80 1 2 250 5 0 3 8 10 70 10 2 
Obs550 550 1 1 0 0 1 0 5 3 4 0 27 2.8 3 5 1 1 3 6 2 5 85 5 10 14 3 0 3 4 10 0 2 2 
Obs551 551 0 0 0 2 1 0 6 0 0 0 27 3.9 0 3 6 2 0 1 1 6 100 6 3 250 6 2 4 9 5 0 10 2 
Obs552 552 1 1 0 3 1 5 0 3 7 1 25 3.7 8 6 1 1 6 4 5 5 85 5 6 100 3 0 5 9 0 100 7 2 
Obs553 553 1 1 0 3 1 1 5 0 8 1 25 3.4 4 2 5 4 7 10 3 5 200 5 10 65 5 0 5 9 0 0 3 2 
Obs554 554 1 1 0 3 1 2 5 5 9 0 20 3.5 0 0 3 1 1 6 6 5 50 5 10 40 4 0 5 8 0 50 5 2 
Obs555 555 1 1 0 2 1 4 3 6 2 0 25 3.8 9 15 4 1 3 2 5 6 14 6 5 50 0 5 6 9 0 10 6 2 
Obs556 556 1 1 1 2 1 0 7 0 5 0 28 4 0 0 0 0 10 3 5 8 70 5 7 120 4 0 4 10 0 90 3 2 
Obs557 557 1 1 1 2 1 5 0 9 10 1 32 3.9 5 10 1 2 4 3 15 1 400 6 8 350 3 5 5 9 0 100 10 2 
Obs558 558 1 1 0 0 1 0 7 0 2 0 31 3.8 6 8 10 1 7 3 10 5 100 5 8 1 3 0 5 9 20 0 1 2 
Obs559 559 1 1 0 3 1 1 0 2 3 1 23 2.6 6 2 2 1 10 5 7 8 800 5 6 65 5 0 5 10 20 0 6 2 
Obs560 560 0 0 0 0 1 3 7 3 5 1 27 2 1 1 0 0 2 3 5 0 100 6 9 70 5 0 5 8 5 100 2 2 
Obs561 561 1 1 1 2 1 0 0 7 6 1 29 3.4 8 20 0 0 2 3 12 5 175 5 6 180 5 1 2 8 5 0 0 2 
Obs562 562 0 0 0 0 1 0 5 0 3 1 27 2.4 4 15 1 1 1 1 2 6 100 6 8 45 2 0 7 5 15 0 2 2 
Obs563 563 0 0 0 3 1 2 7 0 5 1 24 3.4 0 0 1 1 0 2 3 5 78 5 6 16 5 2 3 5 10 0 5 2 
Obs564 564 1 1 1 2 1 0 0 4 2 0 28 3.7 6 6 0 1 7 4 5 5 120 5 8 260 5 0 5 10 0 100 5 2 
Obs565 565 1 1 0 3 1 2 0 4 6 1 27 3.8 6 4 0 0 7 8 5 5 75 5 8 56 1 0 6 6 10 30 2 2 
Obs566 566 1 1 0 2 1 0 0 8 7 1 23 3.8 10 10 2 0 4 1 18 5 100 5 6 600 4 2 5 9 0 20 2 2 
Obs567 567 0 0 0 1 0 3 7 2 7 1 30 2.5 0 0 2 12 3 2 5 7 150 6 6 170 4 5 3 8 0 100 7 2 
Obs568 568 0 0 0 3 1 2 5 6 9 1 25 2.9 10 25 8 1 10 4 5 8 80 5 10 25 3 0 2 9 0 90 2 2 
Obs569 569 1 1 1 2 1 0 0 6 5 0 25 3.6 12 20 10 1 6 3 3 5 100 5 10 100 5 2 5 10 10 100 5 2 
Obs570 570 1 1 0 3 1 1 5 2 6 0 21 2.3 8 2 1 1 3 6 7 8 80 5 3 50 0 0 5 10 25 30 5 2 
Obs571 571 0 0 1 1 0 3 0 6 2 0 30 3.4 5 10 0 0 1 1 5 5 70 6 5 60 5 0 5 8 0 10 7 2 
Obs572 572 0 0 0 3 1 2 5 5 7 1 21 3.6 6 2 11 2 7 3 5 0 10000 5 10 10 0 0 5 10 10 0 10 2 
Obs573 573 0 0 0 3 1 2 0 3 5 0 25 3.4 8 4 4 0 2 4 4 3 60 1 3 60 5 1 8 7 0 70 7 2 
Obs574 574 1 1 0 3 1 2 0 7 6 1 27 3.3 2 0 1 3 6 4 10 5 90 5 10 50 3 0 5 8 0 100 5 2 
Obs575 575 0 0 0 1 1 0 6 0 5 1 33 3 0 0 1 1 1 5 2 8 100 5 8 300 3 3 5 8 0 100 5 2 
Obs576 576 0 0 1 2 1 0 7 0 7 1 26 3.5 10 16 1 1 1 3 3 10 100 5 7 250 2 0 2 9 0 20 8 2 
Obs577 577 0 0 0 2 1 2 0 5 4 1 30 3.1 4 4 1 0 3 6 7 5 70 5 3 33 5 0 5 4 0 0 4 2 
Obs578 578 0 0 1 1 1 0 0 5 6 0 29 3.8 4 0 1 1 4 2 6 3 100 6 3 150 7 1 5 9 0 30 8 2 
Obs579 579 1 1 0 2 1 3 4 2 3 0 23 4 0 0 0 0 4 4 4 5 70 5 5 60 2 0 5 8 0 50 3 2 
Obs580 580 0 0 1 0 1 5 0 2 0 0 24 3.7 5 7 3 2 2 2 3 4 100 6 10 42 4 0 6 10 0 10 8 2 
Obs581 581 1 1 1 2 1 0 7 0 4 0 28 3.5 11 20 8 1 6 2 8 7 100 5 8 250 2 0 4 7 0 10 6 2 
Obs582 582 1 1 0 1 1 0 0 7 6 0 18 2.7 0 1 5 3 2 1 3 5 45 1 7 65 8 1 10 7 20 0 7 2 
Obs583 583 0 0 0 2 0 3 5 0 3 1 30 4 0 0 0 25 5 0 0 7 10 5 6 10 5 5 9 8 0 20 6 2 
Obs584 584 0 0 1 0 1 0 0 2 8 1 32 2.9 2 8 6 2 3 2 5 5 100 2 10 160 1 0 7 7 0 100 3 2 
Obs585 585 0 0 0 3 1 3 7 1 7 1 25 2.5 0 0 3 1 1 3 4 8 100 6 9 40 9 0 7 5 0 10 6 2 
Obs586 586 0 0 0 1 1 5 0 5 5 0 21 3.6 0 0 0 0 3 5 6 5 700 5 4 500 5 5 5 7 10 80 0 2 
Obs587 587 1 1 0 3 1 1 0 8 6 1 23 3.1 2 1 3 1 25 6 3 6 150 2 10 180 4 0 6 10 20 0 8 2 
Obs588 588 1 1 1 2 0 0 0 7 5 0 31 3.8 10 8 3 1 3 2 5 5 90 5 9 180 2 0 5 8 0 80 3 2 
Obs589 589 1 1 0 3 1 2 6 5 5 1 22 3.1 4 10 5 1 3 4 10 8 200 5 10 30 5 0 6 9 0 60 8 2 
Obs590 590 1 1 0 2 1 3 7 3 4 1 25 3.5 0 0 0 0 1 3 3 5 60 6 8 20 5 0 8 6 10 60 8 2 
Obs591 591 0 0 0 3 1 2 0 5 5 0 21 3.8 2 3 5 1 5 5 2 10 50 5 8 36 5 0 7 7 15 0 5 2 
Obs592 592 1 1 0 3 1 0 0 5 10 1 29 1 0 0 0 0 2 1 3 6 100 2 10 130 4 0 6 3 20 100 9 2 
Obs593 593 0 0 1 2 0 0 6 3 10 1 32 3.2 12 20 0 1 2 3 20 7 300 6 5 800 6 1 6 10 0 100 9 2 
Obs594 594 0 0 1 2 1 0 0 3 8 1 32 2.1 9 18 6 2 1 5 11 8 165 1 0 180 7 1 5 8 0 10 5 2 
Obs595 595 1 1 0 3 1 5 6 0 0 0 24 2.1 0 0 0 9 0 10 3 5 5000 5 10 50 0 5 5 0 10 0 10 2 
Obs596 596 1 1 0 2 1 0 7 0 7 1 34 4 4 4 0 0 4 2 8 4 120 5 10 250 5 2 4 9 10 100 2 2 
Obs597 597 1 1 0 1 0 3 5 0 3 1 32 4 6 3 1 2 5 3 5 5 50 5 5 1000 5 5 5 5 0 100 5 2 
Obs598 598 1 1 0 2 1 0 0 8 8 0 25 3.8 6 10 1 2 7 2 5 10 70 6 6 100 10 1 5 10 5 10 10 2 
Obs599 599 1 1 0 1 0 1 0 7 0 1 24 3 3 4 7 3 1 8 3 10 7 2 10 5 3 0 4 6 0 0 7 2 
Obs600 600 0 0 0 1 1 2 0 5 2 0 26 3 0 0 0 1 2 5 4 0 60 5 10 25 5 0 5 7 0 20 1 2 
Obs601 601 1 1 1 2 1 0 0 3 1 0 27 4 20 20 3 1 3 4 6 6 150 5 5 150 8 1 5 7 0 100 2 2 
Obs602 602 1 1 1 2 1 0 4 4 7 1 28 3 4 20 7 2 4 4 10 1 200 5 2 1000 2 0 1 6 15 40 4 2 
Obs603 603 1 1 0 2 1 0 0 0 8 1 26 3.4 3 1 0 0 1 2 3 5 150 5 6 100 2 0 4 6 0 80 3 2 
Obs604 604 1 1 1 2 1 0 0 5 4 0 25 3.4 4 4 1 1 1 3 3 6 150 5 10 80 2 0 5 10 0 10 6 2 
Obs605 605 0 0 0 0 1 2 5 3 0 0 19 2.8 3 5 22 10 6 3 3 0 80 6 10 78 4 0 5 10 15 10 10 2 
Obs606 606 0 0 0 2 1 0 0 2 8 1 29 3.2 3 0 0 0 1 2 6 5 80 5 8 56 5 0 5 10 0 30 6 2 
Obs607 607 1 1 1 2 1 0 0 3 4 1 27 3.1 9 10 1 0 1 2 3 6 80 5 10 400 2 0 3 8 0 100 10 2 
Obs608 608 1 1 0 2 1 3 7 0 7 1 33 3.8 9 0 0 0 2 4 2 8 1000 5 10 0 3 0 4 8 0 0 10 2 
Obs609 609 0 0 0 1 1 1 6 0 3 1 28 3.3 0 0 0 1 1 1 5 5 65 6 10 50 0 2 9 3 10 0 4 2 
Obs610 610 1 1 1 2 1 0 0 5 1 0 25 3.7 12 10 2 1 2 6 10 5 100 5 7 70 3 0 5 8 0 90 5 2 
Obs611 611 1 1 1 2 1 0 0 7 7 0 27 3.6 20 40 2 1 4 4 5 7 100 5 5 200 5 0 3 9 10 100 6 2 
Obs612 612 0 0 0 2 1 0 0 8 6 0 34 3.9 0 0 1 2 1 2 4 5 150 5 10 6 5 2 6 7 10 0 10 2 
Obs613 613 1 1 1 2 1 0 0 5 0 0 24 4 15 20 6 0 3 3 15 5 60 5 5 100 3 0 8 8 10 30 6 2 
Obs614 614 1 1 1 2 1 0 0 8 5 1 24 3.8 10 5 0 0 1 6 8 5 100 6 10 150 5 2 4 9 0 20 1 2 
Obs615 615 1 1 1 2 1 0 0 6 4 1 28 3.8 15 5 0 0 2 6 10 5 50 5 3 60 5 4 3 6 10 50 5 2 
Obs616 616 0 0 0 3 0 3 7 5 5 1 30 3.7 3 2 4 7 1 5 9 3 200 5 1 400 5 5 7 10 0 100 3 2 
Obs617 617 0 0 0 0 1 0 0 3 7 0 23 3.9 1 1 0 0 1 2 3 8 120 5 7 140 7 1 4 9 5 40 8 2 
Obs618 618 0 0 0 1 1 0 0 7 7 1 21 3.7 3 0 1 1 3 2 6 6 100 5 5 500 5 1 2 9 5 80 5 2 
Obs619 619 1 1 1 3 1 2 0 3 1 1 23 1.8 6 6 1 1 13 2 4 5 80 2 7 120 7 1 5 7 0 90 1 2 
Obs620 620 0 0 1 2 1 0 0 4 6 1 33 3.9 8 15 0 0 2 5 6 0 150 5 8 250 3 0 5 9 0 50 9 2 
Obs621 621 0 0 0 0 1 0 7 0 7 1 28 3.5 1 1 0 1 2 0 7 8 100 5 3 300 9 1 3 10 15 90 8 2 
Obs622 622 1 1 0 2 1 4 3 6 9 1 22 4 8 15 3 1 5 3 7 5 150 2 10 200 1 0 4 6 0 90 8 2 
Obs623 623 1 1 0 2 1 2 0 7 7 0 22 4 6 0 4 5 1 8 4 7 60 5 10 7 0 0 8 7 0 10 2 2 
Obs624 624 0 0 0 3 1 5 6 0 5 1 25 3.6 0 0 0 0 1 2 0 7 60 5 3 43 5 2 5 3 0 0 5 2 
Obs625 625 1 1 1 2 1 0 0 4 7 0 27 4 4 4 0 2 1 5 5 3 60 5 4 100 3 0 5 10 30 80 10 2 
Obs626 626 0 0 1 2 1 0 0 3 10 1 28 3 8 10 1 2 2 3 3 7 150 2 6 150 5 1 3 10 25 90 10 2 
Obs627 627 1 1 1 0 1 5 0 7 7 1 21 3.5 10 7 13 1 5 3 3 0 114 5 6 100 2 0 5 9 0 90 8 2 
Obs628 628 0 0 0 1 0 3 5 0 7 1 32 4 30 0 50 25 1 1 4 7 200 5 6 200 0 5 8 5 0 100 5 2 
Obs629 629 1 1 1 3 1 0 7 0 6 1 28 2.5 11 25 6 1 4 3 5 7 100 5 10 200 3 0 5 7 0 60 0 2 
Obs630 630 1 1 0 2 1 0 6 3 0 1 29 4 4 5 1 1 0 3 5 0 60 5 10 300 0 0 5 3 0 100 4 2 
Obs631 631 0 0 0 3 1 2 6 2 4 0 28 3.6 2 3 0 1 1 2 3 2 75 5 10 90 3 0 5 8 0 50 8 2 
Obs632 632 0 0 0 3 0 1 0 5 0 0 23 3.6 15 25 2 1 1 2 3 8 90 5 10 180 4 0 6 9 10 100 9 2 
Obs633 633 1 1 1 1 1 0 0 6 6 0 22 3.5 9 20 2 1 7 4 3 8 55 5 4 100 6 1 6 8 15 60 7 2 
Obs634 634 1 1 0 3 1 2 0 7 10 1 22 3.7 16 8 8 4 18 10 8 5 100 6 2 120 5 0 6 10 0 100 10 2 
Obs635 635 1 1 0 2 1 0 5 6 4 0 30 4 0 0 0 0 3 2 3 5 60 5 10 60 1 0 5 7 0 70 7 2 
Obs636 636 1 1 0 3 1 1 0 7 3 0 25 2.8 0 0 1 1 5 4 4 8 150 6 4 500 4 0 5 9 0 50 5 2 
Obs637 637 0 0 1 1 1 0 0 2 4 1 31 2.1 18 20 1 1 1 1 7 10 100 5 8 90 6 1 0 5 0 60 5 2 
Obs638 638 0 0 0 0 1 0 0 10 9 1 31 3.8 0 1 0 0 1 0 4 2 110 5 7 65 9 1 4 9 5 0 7 2 
Obs639 639 1 1 1 2 1 5 5 8 3 1 23 3.9 15 10 0 0 6 3 6 5 100 5 3 100 5 1 7 7 0 100 5 2 
Obs640 640 1 1 1 1 1 0 0 5 4 0 23 3.8 12 9 4 1 3 10 2 3 150 1 0 100 10 1 5 10 0 100 9 2 
Obs641 641 1 1 1 1 1 0 6 0 8 1 30 3.8 20 10 3 1 7 3 7 0 45 5 6 50 4 0 5 9 0 50 10 2 
Obs642 642 1 1 0 1 1 0 6 0 5 1 35 3.7 2 5 7 3 1 3 3 5 100 6 5 55 2 5 5 3 35 20 2 2 
Obs643 643 0 0 0 2 1 5 1 2 2 1 28 3.7 2 3 1 2 5 3 15 3 1000 5 10 75 1 0 5 8 10 20 6 2 
Obs644 644 1 1 0 2 1 0 0 7 5 1 26 3.5 0 0 2 2 5 4 3 0 60 2 8 90 3 0 4 10 5 50 2 2 
Obs645 645 0 0 0 0 0 0 0 0 8 1 12 3 0 0 0 2 1 2 4 5 30 6 10 5 5 5 8 3 0 0 4 2 
Obs646 646 0 0 0 3 1 1 7 0 8 1 23 4 0 1 4 2 1 2 2 7 900 5 7 180 2 0 7 10 0 100 0 2 
Obs647 647 0 0 0 3 0 3 0 3 0 1 36 3.3 15 14 12 3 1 4 2 10 200 5 0 120 3 0 4 3 0 100 8 2 
Obs648 648 0 0 0 2 1 0 0 4 7 1 28 2.8 2 2 1 2 4 4 8 5 200 5 10 40 1 0 0 7 0 40 3 2 
Obs649 649 1 1 0 3 1 2 5 8 0 1 21 2.6 9 7 3 1 7 2 4 0 81 5 10 12 3 0 5 8 0 0 5 2 
Obs650 650 1 1 0 0 1 2 6 3 0 0 26 3.9 4 4 0 0 2 4 2 7 80 5 10 30 0 0 7 8 0 0 0 2 
Obs651 651 0 0 0 2 1 2 7 1 1 0 28 3.6 2 1 3 2 4 3 8 8 80 5 10 100 4 5 5 8 0 90 9 2 
Obs652 652 0 0 0 2 1 5 0 7 5 1 29 3.6 6 0 1 1 1 1 3 5 90 2 1 60 3 0 4 10 0 70 9 2 
Obs653 653 1 1 0 1 1 0 7 2 4 0 28 3.5 7 12 2 1 2 5 7 5 100 5 9 200 2 0 0 9 10 70 6 2 
Obs654 654 1 1 0 1 1 4 7 2 0 0 26 3.7 4 4 0 0 1 4 4 7 70 6 10 100 0 0 5 10 0 100 2 2 
Obs655 655 1 1 0 1 1 1 0 7 6 1 25 3 0 0 0 0 5 4 4 5 100 2 10 70 1 0 2 8 10 100 5 2 
Obs656 656 1 1 1 2 1 0 0 2 3 0 26 4 5 4 0 0 10 4 6 3 900 5 9 350 1 0 3 9 0 100 3 2 
Obs657 657 0 0 0 0 1 0 0 7 5 0 28 3.9 0 0 1 1 12 2 3 7 100 1 3 81 7 4 5 5 0 20 10 2 
Obs658 658 1 1 1 2 1 0 0 0 2 1 31 3.3 4 16 1 1 1 2 15 5 50 2 6 60 4 0 4 4 0 50 4 2 
Obs659 659 1 1 1 2 1 0 0 6 5 1 28 3.6 11 18 0 0 1 1 3 4 120 5 0 140 5 0 5 8 0 80 5 2 
Obs660 660 1 1 0 3 1 1 7 0 8 0 19 3.6 1 0 1 2 3 4 4 8 45 5 8 15 9 0 5 10 0 20 8 2 
Obs661 661 1 1 0 3 1 0 7 0 8 1 29 3.6 20 40 12 2 3 4 5 0 350 2 5 460 4 0 4 7 0 100 5 2 
Obs662 662 1 1 0 3 1 5 1 4 6 1 34 3.8 10 20 6 2 2 4 8 4 120 5 8 80 4 0 5 5 10 10 8 2 
Obs663 663 1 1 1 3 1 2 0 5 0 0 29 3.4 12 8 10 1 1 2 5 7 100 5 0 90 5 0 3 8 10 50 2 2 
Obs664 664 0 0 0 3 1 2 0 6 5 1 24 1.1 0 0 2 0 1 2 3 6 100 6 5 100 0 0 7 8 0 100 6 2 
Obs665 665 0 0 1 2 1 0 0 2 2 0 25 3.2 17 20 8 0 3 3 8 5 110 3 10 200 4 2 3 7 0 70 2 2 
Obs666 666 0 0 1 2 1 0 0 7 2 0 25 3.1 10 10 2 1 3 1 2 2 120 6 8 200 7 1 3 8 0 60 4 2 
Obs667 667 0 0 0 1 1 5 6 2 1 0 26 3.8 1 0 2 2 1 7 3 8 65 5 9 50 5 0 4 5 15 0 2 2 
Obs668 668 1 1 0 3 1 1 0 8 0 0 30 3.2 0 0 0 0 0 6 3 0 60 5 0 0 0 0 5 10 5 0 0 2 
Obs669 669 1 1 0 3 1 2 5 6 5 1 22 1 2 3 5 2 7 4 3 5 60 2 10 75 5 0 5 10 0 70 10 2 
Obs670 670 1 1 0 2 0 3 5 0 1 1 19 3.6 0 0 1 1 1 2 3 8 60 5 5 100 5 1 4 7 5 90 5 2 
Obs671 671 0 0 0 3 0 0 6 0 5 0 23 2 1 3 2 2 3 2 1 4 90 5 9 90 3 5 5 10 0 0 3 2 
Obs672 672 1 1 0 2 0 3 5 0 8 1 30 3.2 0 0 3 3 4 4 2 8 100 6 0 500 0 5 5 10 0 100 10 2 
Obs673 673 1 1 1 2 1 0 0 6 4 0 25 3.6 8 2 2 0 4 4 5 6 90 5 0 120 5 5 0 9 0 100 8 2 
Obs674 674 1 1 0 2 1 1 0 6 6 0 21 3.4 1 0 0 1 4 3 2 3 110 5 8 30 4 0 6 7 10 10 6 2 
Obs675 675 1 1 1 2 1 0 7 1 5 1 29 3.8 18 20 1 0 2 2 4 7 60 5 10 100 1 0 5 8 0 100 3 2 
Obs676 676 1 1 0 2 1 1 0 8 8 1 21 2.4 5 4 9 1 2 5 7 10 600 5 10 500 6 0 0 6 10 80 10 2 
Obs677 677 0 0 0 0 1 1 0 10 5 0 18 4 0 0 3 0 9 4 2 3 100 5 10 85 4 0 0 10 0 100 9 2 
Obs678 678 1 1 0 3 1 0 1 0 5 1 29 3.7 25 10 17 0 0 4 5 7 400 5 10 100 4 0 5 3 20 60 4 2 
Obs679 679 1 1 1 3 1 0 6 2 5 0 31 3.6 12 15 1 1 7 4 15 6 1200 2 7 6000 3 0 3 10 0 100 9 2 
Obs680 680 1 1 1 3 1 0 0 6 5 0 28 2.7 20 20 4 1 4 4 5 5 80 6 3 100 5 0 2 10 0 10 5 2 
Obs681 681 1 1 0 2 1 2 7 0 7 0 23 3.3 1 0 14 2 1 5 4 10 60 2 10 30 0 0 5 7 10 0 3 2 
Obs682 682 1 1 1 2 1 4 3 6 7 1 29 3.4 10 10 10 1 3 2 5 8 100 2 8 100 3 0 2 8 10 100 8 2 
Obs683 683 1 1 0 3 1 1 7 0 0 0 21 3.5 10 6 18 5 2 10 10 6 500 5 2 400 0 2 5 5 0 0 0 2 
Obs684 684 0 0 0 1 1 0 0 8 7 1 26 4 0 0 0 0 2 1 3 3 50 5 7 70 5 5 8 8 0 100 4 2 
Obs685 685 1 1 0 3 1 1 5 3 7 1 24 4 4 1 1 2 0 4 5 3 70 6 8 35 0 0 5 3 20 0 2 2 
Obs686 686 0 0 1 2 1 0 0 5 7 1 28 3 15 20 3 1 1 2 5 5 100 5 5 100 7 1 5 8 40 70 4 2 
Obs687 687 0 0 0 2 0 3 5 5 3 1 32 3.7 3 1 0 3 2 5 4 6 10 1 2 20 7 5 7 5 5 40 7 2 
Obs688 688 0 0 0 2 1 2 6 4 7 1 26 2.5 0 0 6 4 3 1 5 6 160 2 10 45 5 5 7 4 0 30 6 2 
Obs689 689 1 1 0 2 1 0 0 9 9 1 29 3.7 6 5 0 1 2 2 10 6 75 5 7 90 6 5 3 10 0 90 8 2 
Obs690 690 1 1 0 3 0 3 5 0 8 1 31 3.8 0 0 3 2 3 10 7 6 80 5 6 100 4 5 5 10 0 100 4 2 
Obs691 691 1 1 1 2 1 0 0 5 2 0 30 4 15 8 1 2 7 2 5 5 200 5 8 250 3 0 4 10 0 100 7 2 
Obs692 692 1 1 0 3 1 0 6 2 3 0 29 3.7 9 7 3 0 1 3 4 5 100 5 8 300 3 0 5 10 10 0 5 2 
Obs693 693 1 1 1 0 1 0 0 3 6 0 22 3.4 14 35 1 1 3 4 5 5 150 5 2 50 0 5 5 9 0 90 7 2 
Obs694 694 1 1 0 3 0 1 5 2 0 0 22 3.2 10 10 20 4 4 5 20 0 70 5 10 105 7 0 5 4 0 50 7 2 
Obs695 695 1 1 0 1 1 1 0 8 6 0 27 4 0 3 3 2 1 7 15 9 75 2 9 65 2 3 4 4 40 0 1 2 
Obs696 696 0 0 0 2 1 5 6 1 10 1 32 3.6 3 15 3 1 6 2 15 6 150 5 10 160 7 2 3 10 0 80 8 2 
Obs697 697 1 1 1 2 1 0 0 6 7 1 27 3 3 3 1 1 2 2 3 10 100 5 5 120 8 1 0 9 10 20 9 2 
Obs698 698 1 1 0 2 1 5 7 0 5 1 27 3.1 0 0 0 0 5 2 11 5 100 5 10 70 2 0 3 6 0 80 0 2 
Obs699 699 1 1 0 3 1 1 0 0 3 1 24 2.9 3 1 2 2 3 10 1 5 500 6 10 31 0 0 0 7 0 0 10 2 
Obs700 700 1 1 0 2 1 0 0 6 3 1 29 3 4 4 0 2 8 2 6 5 115 5 7 0 2 0 4 9 5 90 8 2 
Obs701 701 1 1 0 3 1 1 0 7 10 1 19 2.9 5 1 4 1 3 5 3 10 200 6 2 2 5 0 5 10 20 40 8 2 
Obs702 702 1 1 0 3 0 1 0 7 0 1 21 2.8 0 0 0 1 5 6 3 6 900 5 5 90 7 5 3 8 0 100 7 2 
Obs703 703 1 1 0 1 1 3 7 0 8 1 32 3.8 4 4 1 1 1 4 10 0 70 5 10 170 2 0 5 2 0 100 8 2 
Obs704 704 1 1 0 1 1 0 0 8 5 0 25 3.9 0 0 0 0 0 6 10 8 100 5 1 100 10 1 6 7 5 70 7 2 
Obs705 705 0 0 0 2 1 0 0 7 1 0 18 3.8 0 2 4 4 3 1 4 9 500 1 0 40 9 1 3 7 25 0 9 2 
Obs706 706 1 1 0 1 1 0 0 3 5 0 29 4 0 0 0 0 2 2 1 3 80 5 10 200 3 0 5 7 0 100 0 2 
Obs707 707 1 1 0 2 1 0 0 4 2 0 26 3.4 0 0 0 0 1 5 8 6 45 5 5 210 7 1 6 9 0 50 7 2 
Obs708 708 1 1 0 2 1 0 0 5 6 1 31 3.8 4 4 3 1 1 3 4 8 250 5 10 150 4 0 4 7 0 100 3 2 
Obs709 709 1 1 0 0 1 2 0 7 10 1 28 3.6 20 25 10 2 3 4 4 5 50 5 8 40 0 0 4 9 0 10 2 2 
Obs710 710 1 1 1 1 0 0 0 4 5 1 27 4 15 10 8 1 1 3 6 5 100 6 6 120 2 0 2 8 0 80 8 2 
Obs711 711 1 1 1 0 1 0 0 7 4 1 22 4 4 3 1 1 12 4 6 6 150 1 1 100 10 1 2 10 0 100 8 2 
Obs712 712 0 0 1 2 0 4 6 2 8 1 35 3.2 4 20 1 0 4 1 5 7 200 5 5 400 6 1 3 7 0 90 8 2 
Obs713 713 1 1 1 1 1 0 0 8 6 0 23 3.5 8 11 1 1 5 4 12 5 70 5 5 80 5 1 5 9 5 90 8 2 
Obs714 714 1 1 1 2 0 0 6 1 6 0 34 2.6 4 10 6 1 2 1 5 8 200 6 10 1000 3 0 3 8 0 0 7 2 
Obs715 715 1 1 1 2 1 0 1 4 7 1 29 4 12 30 6 1 3 3 5 5 150 5 9 200 8 0 4 9 0 90 5 2 
Obs716 716 0 0 1 2 1 0 6 0 1 0 32 3.2 3 5 1 1 2 6 4 0 100 5 10 200 2 2 7 6 0 90 10 2 
Obs717 717 1 1 0 2 1 0 0 6 0 1 26 4 3 0 0 2 12 6 4 6 100 5 6 200 5 2 5 8 0 60 8 2 
Obs718 718 1 1 0 3 1 1 6 3 4 0 28 3 0 0 0 0 3 3 3 8 125 5 0 55 2 0 3 8 10 0 4 2 
Obs719 719 1 1 0 3 1 1 0 5 0 1 21 2.5 0 10 4 3 2 6 4 5 100 6 10 15 5 0 0 10 25 0 8 2 
Obs720 720 1 1 0 2 1 0 0 2 7 1 27 2.7 2 0 2 2 1 3 4 5 85 2 10 200 1 0 4 8 0 50 6 2 
Obs721 721 1 1 0 1 1 3 5 2 6 0 25 3.5 12 10 2 1 4 3 6 4 85 6 10 85 1 0 5 10 0 20 10 2 
Obs722 722 1 1 1 2 1 0 0 5 7 0 30 4 6 5 0 0 2 2 5 4 100 2 10 250 3 0 1 10 0 100 6 2 
Obs723 723 1 1 0 0 1 1 0 7 0 0 21 3.9 3 0 0 0 7 4 7 5 100 5 10 120 0 0 5 6 15 100 0 2 
Obs724 724 1 1 0 2 1 0 0 6 0 0 29 3.9 1 1 0 0 3 3 4 3 90 5 10 135 1 0 4 9 15 100 8 2 
Obs725 725 1 1 1 2 1 0 0 0 4 1 27 3.1 8 6 2 2 1 2 5 0 70 2 10 40 1 0 0 5 0 0 0 2 
Obs726 726 1 1 1 2 1 4 0 10 8 1 29 3.5 0 0 0 1 7 2 8 2 90 2 10 120 7 2 7 10 15 10 10 2 
Obs727 727 1 1 0 3 1 2 0 5 9 1 24 3.7 0 0 0 1 4 2 5 7 70 5 5 30 2 0 5 9 0 0 8 2 
Obs728 728 0 0 0 2 1 0 5 5 6 1 23 3.2 2 4 10 1 50 4 10 2 80 5 10 70 3 0 2 10 15 80 10 2 
Obs729 729 1 1 0 3 1 0 6 4 3 0 23 3.7 10 7 3 3 4 1 5 5 100 5 4 220 3 0 5 8 0 70 5 2 
Obs730 730 0 0 0 2 1 0 0 5 5 1 28 3.1 10 10 6 2 3 3 5 6 120 5 10 80 4 0 4 5 0 90 5 2 
Obs731 731 1 1 1 2 1 0 0 6 3 1 28 3.7 20 31 5 2 3 3 6 5 100 5 7 600 4 0 5 8 0 100 6 2 
Obs732 732 1 1 1 2 1 0 0 10 5 0 24 3.7 1 1 0 2 5 1 4 0 54 5 5 65 5 1 5 9 40 60 10 2 
Obs733 733 1 1 0 1 0 3 5 0 5 0 32 3.9 0 0 1 1 2 3 5 6 10 6 7 10 2 5 5 6 0 100 0 2 
Obs734 734 0 0 0 2 1 0 0 0 0 0 24 3.9 0 0 0 0 5 7 3 5 100 2 10 80 3 0 0 10 0 10 10 2 
Obs735 735 1 1 0 3 1 2 5 9 8 0 20 2.4 3 5 1 2 2 5 6 5 500 5 6 130 5 0 3 10 0 30 7 2 
Obs736 736 1 1 0 2 1 0 0 8 8 1 33 3.4 0 2 1 1 4 1 4 2 100 5 10 100 5 0 5 5 10 50 7 2 
Obs737 737 1 1 0 1 1 0 0 7 6 1 33 2.2 15 20 0 3 0 6 5 3 70 2 5 81 7 2 6 9 20 10 9 2 
Obs738 738 1 1 0 3 1 2 5 5 2 1 25 2.9 7 14 2 1 7 3 5 7 100 2 10 40 1 0 4 10 25 30 4 2 
Obs739 739 1 1 0 2 1 0 0 8 5 0 29 3.8 0 0 0 0 3 3 5 5 65 5 8 80 3 2 10 6 0 40 10 2 
Obs740 740 1 1 1 2 1 0 1 2 7 0 27 3.9 4 4 7 3 7 4 3 5 300 6 1 800 1 0 5 10 0 100 3 2 
Obs741 741 0 0 0 1 1 3 0 8 9 1 32 3.6 3 0 0 0 2 4 2 5 100 5 7 70 3 0 5 9 0 50 7 2 
Obs742 742 1 1 0 2 1 0 0 8 5 0 24 3.8 3 2 0 0 3 5 5 5 125 5 5 90 3 0 5 10 10 50 5 2 
Obs743 743 1 1 0 1 1 0 0 7 6 1 29 4 1 0 1 1 1 2 8 1 100 5 9 150 3 5 4 9 0 70 2 2 
Obs744 744 1 1 0 2 1 2 0 3 8 0 26 3.3 4 4 11 2 3 8 3 4 80 5 10 120 5 0 6 8 0 100 8 2 
Obs745 745 1 1 0 2 1 0 0 2 5 0 24 3.3 2 1 3 1 2 3 4 2 70 5 8 125 2 0 3 9 15 40 8 2 
Obs746 746 1 1 1 2 1 2 0 5 6 0 22 3.7 7 15 1 1 4 5 5 5 90 5 10 90 7 3 4 9 0 0 5 2 
Obs747 747 1 1 1 2 1 0 1 6 1 0 24 3.4 18 6 1 1 1 4 10 4 100 5 9 200 2 0 8 7 0 100 6 2 
Obs748 748 1 1 1 2 1 0 0 5 4 0 27 4 5 3 0 0 3 3 5 5 200 5 5 400 5 1 5 8 0 80 4 2 
Obs749 749 0 0 0 2 1 1 0 7 6 1 23 1.5 3 0 9 2 3 2 7 5 1000 4 7 60 5 2 7 7 25 0 4 3 
Obs750 750 1 1 0 2 1 0 5 10 8 1 30 4 0 0 0 0 7 1 3 0 300 5 10 0 0 2 5 10 0 100 10 3 
Obs751 751 1 1 1 2 1 0 0 10 8 1 27 2.9 15 30 3 2 7 2 3 5 200 1 4 230 10 1 3 10 0 100 10 3 
Obs752 752 1 1 1 0 1 0 7 0 4 1 27 3.3 15 28 4 4 1 4 2 5 100 5 7 250 2 0 2 3 0 100 8 3 
Obs753 753 0 0 0 2 1 3 0 8 8 1 30 3.3 0 0 0 0 4 10 4 5 200 5 7 60 6 2 7 7 0 10 9 3 
Obs754 754 1 1 0 3 0 3 7 0 9 1 32 4 6 0 2 2 2 1 2 8 150 5 8 20 4 0 8 8 20 100 4 3 
Obs755 755 1 1 0 1 1 5 0 10 0 1 19 2.4 0 1 1 1 10 3 4 10 200 1 10 100 8 1 5 10 20 10 7 3 
Obs756 756 0 0 0 3 1 2 0 8 10 1 31 3.6 5 5 3 2 7 2 3 10 500 1 0 120 5 0 5 10 20 80 10 3 
Obs757 757 0 0 1 2 1 0 0 0 5 1 28 2.9 12 8 2 1 1 5 10 9 90 5 8 30 5 0 4 5 0 90 3 3 
Obs758 758 0 0 0 3 1 3 7 0 8 1 35 3.5 0 0 1 1 0 7 3 5 60 5 3 20 3 0 0 0 15 0 3 3 
Obs759 759 1 1 0 3 0 3 5 1 2 1 33 3.9 3 0 0 1 7 3 2 2 20 5 0 50 1 1 3 7 0 100 3 3 
Obs760 760 1 1 0 1 1 2 7 0 7 1 32 3.3 4 3 12 2 0 6 4 3 90 5 0 100 2 0 6 9 10 90 0 3 
Obs761 761 1 1 0 3 1 2 0 5 6 1 29 2.2 0 0 0 2 7 6 3 0 75 2 10 75 0 4 5 10 10 50 10 3 
Obs762 762 0 0 0 3 0 3 5 0 7 1 32 3.4 8 2 4 1 1 4 3 6 100 5 5 100 6 5 6 5 0 100 3 3 
Obs763 763 0 0 0 2 1 0 0 3 5 1 26 2 10 15 5 1 1 1 5 2 100 6 4 75 5 1 2 8 0 10 2 3 
Obs764 764 0 0 1 0 1 0 0 7 6 1 28 2.9 4 10 1 2 1 2 2 5 80 1 5 80 8 1 4 10 0 20 5 3 
Obs765 765 1 1 1 2 1 0 0 4 6 0 24 3.5 12 10 6 1 6 4 10 5 300 6 10 400 8 1 5 7 0 100 3 3 
Obs766 766 1 1 0 2 1 2 5 1 7 1 23 3.9 0 0 1 1 2 6 2 10 80 5 10 24 2 0 6 4 0 0 7 3 
Obs767 767 0 0 0 0 1 0 0 8 6 1 29 3.1 2 0 0 1 1 1 2 5 90 1 5 75 8 1 4 9 0 60 7 3 
Obs768 768 0 0 0 0 1 0 6 2 4 1 34 4 2 2 1 1 0 2 2 8 300 6 8 70 6 2 3 9 15 0 8 3 
Obs769 769 1 1 0 1 1 0 6 1 0 0 26 3.4 3 10 4 2 0 1 1 2 40 2 8 120 1 0 8 9 20 70 5 3 
Obs770 770 1 1 0 2 0 3 0 7 1 0 31 3.3 2 1 2 3 4 5 4 8 80 6 7 80 6 1 2 8 0 80 1 3 
Obs771 771 0 0 0 2 1 3 7 0 6 1 29 3.8 0 0 0 0 1 5 2 7 120 6 5 100 7 0 4 9 0 50 6 3 
Obs772 772 1 1 0 0 1 2 5 7 8 0 26 4 0 0 7 1 2 5 2 7 500 5 8 14 3 0 5 5 10 10 0 3 
Obs773 773 0 0 0 3 1 0 1 2 1 0 26 3 4 4 5 1 1 1 3 3 100 2 10 250 2 0 2 8 10 100 7 3 
Obs774 774 0 0 0 0 1 1 0 5 9 1 26 3 0 0 0 0 2 1 0 6 100 5 10 60 5 5 7 8 10 80 2 3 
Obs775 775 0 0 0 1 0 3 4 1 7 1 33 3.9 0 0 0 1 5 2 6 10 15 6 5 100 5 5 7 7 0 100 5 3 
Obs776 776 1 1 0 0 1 3 6 0 6 1 31 4 0 0 0 0 1 1 4 5 57 5 8 50 4 1 5 9 20 70 6 3 
Obs777 777 1 1 0 2 1 0 0 10 0 0 27 3.5 0 1 0 0 21 1 4 5 40 4 0 60 10 1 5 10 5 20 10 3 
Obs778 778 0 0 0 2 1 3 0 5 7 1 28 3.1 0 1 0 0 2 2 5 5 250 1 5 250 7 1 4 10 0 100 8 3 
Obs779 779 0 0 0 2 1 0 6 0 2 1 31 2.7 12 20 2 1 2 1 3 10 80 1 7 150 5 4 1 4 0 100 2 3 
Obs780 780 1 1 0 2 1 3 0 7 5 1 32 3.6 5 5 1 0 1 2 5 10 100 6 6 50 3 0 6 7 0 100 9 3 
Obs781 781 1 1 1 2 1 0 0 3 3 0 27 4 7 10 1 1 10 3 9 7 60 5 3 120 5 5 5 10 0 50 7 3 
Obs782 782 0 0 0 3 1 2 0 9 7 1 22 3.5 0 0 0 0 1 1 3 3 50 5 8 30 6 2 8 10 10 0 9 3 
Obs783 783 1 1 0 3 0 0 0 10 6 0 29 4 0 0 0 1 6 1 5 9 55 5 5 150 7 1 5 9 0 90 10 3 
Obs784 784 1 1 0 3 0 3 4 2 5 1 29 3.8 0 0 1 2 2 2 2 5 1000 5 10 300 5 5 6 7 10 90 7 3 
Obs785 785 1 1 0 2 1 1 0 5 2 1 29 2.8 4 1 10 2 5 5 4 8 150 6 3 350 5 5 0 7 0 100 8 3 
Obs786 786 1 1 0 2 1 0 0 6 2 0 23 4 3 2 0 0 4 3 5 7 120 5 0 200 7 4 3 10 0 100 5 3 
Obs787 787 0 0 0 2 1 1 0 6 6 1 25 2.7 0 0 3 0 3 6 5 5 250 5 10 35 3 0 4 7 0 100 2 3 
Obs788 788 0 0 0 2 1 2 7 0 8 1 27 3.3 2 2 5 1 2 4 4 10 400 5 5 70 5 2 0 7 0 100 7 3 
Obs789 789 0 0 0 1 1 0 7 0 7 1 30 2.8 0 0 1 3 2 2 2 5 100 2 10 115 2 0 5 7 15 30 5 3 
Obs790 790 1 1 0 2 1 0 0 5 2 0 23 3.8 6 6 2 1 5 4 4 7 80 2 10 40 5 0 5 7 0 20 5 3 
Obs791 791 1 1 1 3 0 3 7 2 7 1 29 3.9 1 0 0 0 4 4 7 9 200 5 6 100 3 5 3 9 10 100 7 3 
Obs792 792 1 1 0 0 1 5 6 0 1 0 29 3.4 2 4 10 3 0 5 3 2 45 2 10 50 10 0 4 9 0 0 1 3 
Obs793 793 1 1 0 3 1 1 0 5 10 0 26 3.4 3 0 15 4 0 10 5 5 100 5 10 40 2 0 8 0 0 0 1 3 
Obs794 794 1 1 0 3 1 2 7 0 7 1 24 2.6 0 0 1 0 0 5 3 1 60 5 8 42 3 0 5 7 0 10 4 3 
Obs795 795 0 0 0 2 1 0 0 5 4 0 21 3.4 15 20 10 2 3 3 6 7 120 1 3 100 7 1 5 10 10 0 7 3 
Obs796 796 0 0 1 3 1 5 0 10 7 1 28 2.5 10 40 10 1 5 2 10 2 100 1 5 70 8 1 5 8 10 0 5 3 
Obs797 797 1 1 1 0 1 0 0 5 8 1 28 3.7 4 10 3 2 10 3 6 7 80 1 5 400 8 1 5 9 20 50 5 3 
Obs798 798 1 1 0 1 0 0 5 2 0 0 19 3.5 1 2 4 2 5 3 6 4 40000 6 8 10000 3 0 6 4 0 30 8 3 
Obs799 799 1 1 0 2 1 0 6 0 1 1 25 3.2 10 10 9 2 1 10 5 4 80 5 0 180 2 0 4 3 10 70 10 3 
Obs800 800 1 1 0 0 1 1 0 8 2 1 26 3.2 4 2 2 1 3 4 2 5 1000 2 10 175 8 0 7 7 0 100 4 3 
Obs801 801 1 1 0 3 1 2 0 2 8 1 26 3.7 4 5 2 2 5 5 1 6 60 5 5 35 2 0 5 8 0 10 6 3 
Obs802 802 0 0 0 0 1 5 2 6 8 1 31 4 0 0 0 1 3 4 2 5 300 5 10 0 2 5 7 4 0 0 5 3 
Obs803 803 1 1 0 1 1 3 0 7 4 1 28 2.9 1 4 1 2 1 4 3 9 600 2 5 100 3 0 7 8 0 100 6 3 
Obs804 804 1 1 0 2 1 3 0 7 2 1 32 2.2 2 2 1 1 2 4 4 8 500 6 0 200 2 0 3 9 10 100 2 3 
Obs805 805 1 1 0 2 1 2 0 6 7 0 29 3.8 0 2 0 0 7 1 7 5 200 5 10 20 0 0 5 7 0 0 5 3 
Obs806 806 1 1 0 2 1 2 0 5 0 1 25 3 0 0 1 1 0 2 2 10 300 2 10 40 4 0 5 9 15 10 6 3 
Obs807 807 1 1 0 3 1 2 6 5 8 1 33 3.9 0 0 0 0 0 4 4 6 300 5 10 20 3 4 3 10 0 100 10 3 
Obs808 808 0 0 1 3 0 0 4 8 10 1 35 2.4 8 28 10 2 0 2 2 4 100 5 10 0 4 5 10 0 30 100 2 3 
Obs809 809 1 1 0 1 1 0 6 3 5 1 31 3.8 6 2 3 3 0 1 2 1 200 2 10 200 0 5 5 10 30 100 10 3 
Obs810 810 0 0 1 1 1 0 7 0 6 1 22 2.2 4 8 1 1 7 3 8 10 500 5 7 160 4 2 10 9 10 50 2 3 
Obs811 811 0 0 0 0 1 0 0 8 5 1 24 3.1 3 50 50 25 2 2 4 7 500 5 3 50000 8 4 4 8 10 50 6 3 
Obs812 812 0 0 0 2 0 4 2 10 4 1 34 3 0 0 1 2 7 3 8 3 250 6 10 60 4 2 3 9 0 0 8 3 
Obs813 813 1 1 1 2 1 0 0 7 4 0 30 3.8 4 5 3 3 3 3 5 6 120 2 8 250 3 0 7 9 0 100 7 3 
Obs814 814 1 1 0 3 1 2 0 8 8 0 23 3.6 2 2 1 2 3 6 4 5 90000 5 8 25 4 0 5 8 0 100 10 3 
Obs815 815 1 1 0 0 1 0 0 10 0 0 26 2.2 4 5 12 4 7 5 4 2 150 6 7 200 5 1 0 10 10 90 5 3 
Obs816 816 0 0 0 3 1 5 7 0 9 0 24 3.2 1 3 50 1 0 1 3 3 120 2 10 20 0 0 8 7 20 10 10 3 
Obs817 817 1 1 1 2 1 0 2 5 3 1 28 3.8 15 20 2 1 2 4 5 7 800 5 6 900 3 0 2 9 0 100 7 3 
Obs818 818 0 0 0 1 0 0 6 0 5 1 31 2.8 1 1 0 1 2 0 2 5 80 5 10 125 0 2 5 8 0 100 0 3 
Obs819 819 0 0 1 2 1 0 0 2 3 1 28 3.3 18 33 17 3 2 3 5 7 90 1 7 110 6 5 4 8 10 0 9 3 
Obs820 820 0 0 0 2 1 3 0 6 5 1 30 3.3 0 0 3 5 7 4 13 8 100 6 2 200 9 1 3 10 0 100 5 3 
Obs821 821 1 1 0 2 1 0 0 10 2 0 26 3.4 0 0 0 2 3 2 4 1 80 5 7 101 6 4 6 10 0 100 10 3 
Obs822 822 0 0 0 1 1 0 0 2 6 0 29 3.9 3 0 5 2 1 2 4 5 50 2 8 75 0 0 5 9 10 50 7 3 
Obs823 823 1 1 0 1 0 3 7 5 4 1 32 3.6 6 0 3 0 2 3 1 5 200 5 6 30 8 5 5 2 0 100 7 3 
Obs824 824 0 0 0 1 1 0 7 0 8 0 30 4 3 0 0 0 2 1 9 8 380 5 6 600 4 0 2 7 0 100 3 3 
Obs825 825 1 1 0 0 1 0 0 10 3 1 20 2.8 0 0 6 1 5 10 5 5 60 5 10 35 2 0 0 10 15 90 8 3 
Obs826 826 1 1 0 3 0 4 3 7 4 1 29 3.6 2 0 4 2 14 3 10 6 50 5 7 60 9 0 7 10 0 100 10 3 
Obs827 827 1 1 0 1 1 4 3 7 8 1 25 3.6 10 22 0 0 5 10 18 9 100 6 7 95 3 0 5 9 0 100 7 3 
Obs828 828 1 1 0 2 1 2 0 7 8 1 32 3.2 5 0 0 2 7 4 4 5 90 2 1 40 5 0 3 9 10 0 8 3 
Obs829 829 1 1 0 0 1 0 0 8 4 1 20 3 0 0 0 0 8 10 3 5 40 5 8 80 5 1 5 9 0 0 8 3 
Obs830 830 1 1 0 1 1 0 6 2 7 1 20 3.5 0 5 10 5 1 5 2 4 70 2 10 70 4 0 4 8 40 0 10 3 
Obs831 831 0 0 0 3 0 3 0 5 2 1 27 3.4 5 2 3 2 2 1 15 3 80 2 10 100 3 0 7 6 5 100 7 3 
Obs832 832 1 1 1 0 1 0 0 7 5 1 29 3.4 10 30 3 1 8 3 20 5 100 5 10 70 6 2 4 10 0 100 9 3 
Obs833 833 0 0 0 2 1 4 3 10 1 1 33 2.5 0 0 0 0 3 3 10 10 500 5 10 300 0 3 5 10 0 100 8 3 
Obs834 834 0 0 0 0 1 0 0 4 0 0 21 3.4 5 25 24 1 3 4 8 5 60 4 2 100 4 2 5 6 5 50 10 3 
Obs835 835 1 1 1 1 1 2 5 5 10 0 21 2.7 10 6 1 0 2 6 7 0 100 5 10 45 5 0 8 10 15 0 10 3 
Obs836 836 1 1 1 2 1 0 0 7 8 1 27 4 3 4 2 1 5 4 4 3 100 5 7 200 5 1 5 10 0 0 10 3 
Obs837 837 0 0 0 3 1 2 0 7 0 0 28 3.7 10 20 14 2 0 6 6 7 60 5 10 11 5 0 5 10 0 0 8 3 
Obs838 838 0 0 0 2 1 3 0 5 7 0 24 3.7 10 20 6 1 1 3 5 10 100 6 10 40 0 0 0 10 0 100 8 3 
Obs839 839 0 0 0 3 1 0 0 10 3 1 28 2.8 0 0 0 1 2 4 5 3 70 5 10 105 5 2 4 10 20 20 6 3 
Obs840 840 0 0 0 3 0 3 0 0 8 1 30 4 47 1 3 1 4 3 5 4 100 1 6 45 8 1 0 7 25 30 3 3 
Obs841 841 1 1 0 2 1 5 0 7 6 1 30 3.4 6 4 1 1 3 1 6 1 120 5 6 200 3 0 7 10 10 90 9 3 
Obs842 842 1 1 0 2 1 3 0 8 5 0 29 3.8 8 6 2 2 4 4 5 5 100 6 10 100 3 4 7 7 0 100 4 3 
Obs843 843 1 1 0 2 1 3 0 8 7 0 28 2.7 3 0 1 2 3 5 4 1 100 6 7 8 4 1 6 9 0 100 8 3 
Obs844 844 1 1 0 2 1 2 0 8 3 1 32 3.5 2 2 14 0 0 5 4 7 400 5 10 65 1 0 5 6 25 70 2 3 
Obs845 845 1 1 0 2 1 0 0 8 6 0 26 3.5 7 8 0 0 6 3 4 4 90 5 10 50 3 0 4 9 20 80 5 3 
Obs846 846 1 1 1 2 1 0 0 0 4 0 29 3.5 15 10 10 0 2 3 5 7 100 5 9 170 6 0 6 9 0 100 8 3 
Obs847 847 1 1 1 2 1 0 0 7 9 1 25 3.4 12 35 5 2 7 1 3 0 150 2 7 150 3 0 3 7 0 100 10 3 
Obs848 848 1 1 0 2 1 1 0 9 7 0 29 2 0 0 0 0 2 3 3 5 80 2 9 80 7 0 3 8 0 90 7 3 
Obs849 849 1 1 0 0 1 1 0 10 7 1 30 3.9 0 0 0 0 8 2 5 5 800 5 10 100 2 0 3 9 25 0 10 3 
Obs850 850 0 0 0 2 1 0 6 2 5 0 27 3.9 5 5 3 1 2 0 5 5 120 4 7 100 5 2 8 8 10 100 6 3 
Obs851 851 0 0 0 2 0 0 6 0 4 1 30 3 0 2 0 0 3 1 1 4 30 6 8 60 5 0 6 8 20 60 1 3 
Obs852 852 1 1 0 1 0 3 5 0 7 1 26 3.4 2 4 7 2 1 3 1 5 100 5 8 50 4 5 7 8 0 60 8 3 
Obs853 853 1 1 0 2 1 1 0 7 7 1 25 4 1 0 1 1 10 10 3 10 200 2 10 90 5 0 5 9 0 0 1 3 
Obs854 854 1 1 1 2 1 0 0 6 5 0 24 3.5 4 10 1 1 2 4 3 7 150 6 5 250 5 1 4 7 0 100 0 3 
Obs855 855 0 0 0 2 1 4 2 10 1 1 25 2 0 0 0 1 4 1 10 1 300 6 10 150 1 2 2 6 5 50 6 3 
Obs856 856 1 1 1 1 1 0 0 4 6 0 24 3.7 5 15 4 1 4 6 6 10 90 1 0 300 9 1 6 9 5 30 10 3 
Obs857 857 1 1 1 2 1 0 0 10 10 1 32 3.6 4 10 1 1 2 4 50 3 120 1 0 500 8 1 3 10 0 100 7 3 
Obs858 858 1 1 1 2 1 0 6 2 5 1 28 3.6 10 15 2 1 5 2 10 4 150 5 9 300 4 2 6 7 0 80 6 3 
Obs859 859 1 1 1 2 1 3 0 6 2 1 24 3.5 2 5 2 1 2 3 3 7 80 6 5 63 4 0 1 6 0 30 5 3 
Obs860 860 1 1 0 3 1 3 7 0 10 1 29 3 6 3 3 2 1 5 6 4 55 6 10 107 2 0 3 6 5 10 8 3 
Obs861 861 0 0 1 0 0 5 6 0 7 1 33 3.2 4 12 2 0 1 2 2 5 100 6 9 200 4 2 9 9 0 100 6 3 
Obs862 862 1 1 1 2 1 3 0 2 6 1 22 2.9 1 0 4 2 4 4 2 2 90 5 8 0 5 0 3 3 5 0 8 3 
Obs863 863 1 1 0 2 1 0 1 5 7 1 28 3 0 4 15 2 2 2 3 5 250 2 7 35 3 0 5 5 40 0 10 3 
Obs864 864 1 0 0 2 1 5 6 0 5 1 21 3.9 2 7 9 3 0 3 4 3 110 2 1 160 2 0 2 7 0 50 5 3 
Obs865 865 1 1 0 0 1 0 7 1 0 1 27 3.4 4 1 5 4 2 2 3 5 130 5 10 180 2 0 5 9 10 50 3 3 
Obs866 866 1 1 0 0 1 0 0 8 10 1 32 3.6 15 20 0 1 5 2 2 5 100 5 2 100 7 5 2 10 0 0 9 3 
Obs867 867 0 0 0 2 0 4 3 3 8 1 34 2.2 1 0 0 1 5 2 10 6 250 5 8 350 3 4 4 5 0 100 5 3 
Obs868 868 0 0 0 1 1 4 2 7 6 1 27 3.9 1 0 0 1 7 4 5 4 120 2 10 25 5 0 5 9 20 100 10 3 
Obs869 869 1 1 0 2 1 2 7 1 2 0 26 3.8 3 3 7 2 1 3 3 3 70 2 10 85 1 5 6 5 10 50 5 3 
Obs870 870 1 1 0 2 1 0 0 2 2 0 28 3.8 4 2 1 0 1 1 10 5 90 5 5 120 2 0 7 10 10 30 2 3 
Obs871 871 1 1 0 1 0 3 4 0 2 1 32 3.6 3 0 0 0 7 2 3 8 300 5 5 100 0 0 6 8 10 90 6 3 
Obs872 872 0 0 0 0 1 0 6 2 0 1 29 3.7 15 20 17 4 1 5 8 10 100 6 0 80 5 4 0 10 0 60 0 3 
Obs873 873 0 0 0 3 1 3 7 0 8 1 23 2.5 0 0 0 0 7 5 0 5 100 2 5 10 5 0 4 6 0 10 3 3 
Obs874 874 1 1 0 2 1 2 0 8 8 1 32 3.9 0 0 2 1 5 2 2 5 150 5 10 60 6 0 7 10 0 0 10 3 
Obs875 875 0 0 0 3 1 0 0 9 5 1 32 3.5 0 0 0 0 7 3 9 5 150 1 0 65 10 1 1 8 0 100 5 3 
Obs876 876 1 1 1 1 1 0 0 5 8 1 24 2.8 5 4 22 2 13 5 2 0 70 6 5 42 5 4 5 10 35 100 8 3 
Obs877 877 0 0 0 1 1 1 7 0 2 1 21 3.7 0 0 0 1 5 10 3 9 132 6 5 300 5 5 5 8 0 0 6 3 
Obs878 878 1 1 0 3 0 1 2 5 6 0 21 3.6 2 4 0 0 1 5 4 5 90 2 9 150 3 0 7 7 0 50 0 3 
Obs879 879 1 1 1 2 1 0 0 9 5 1 31 3.6 20 20 4 0 4 4 10 7 50 5 5 48 7 1 6 8 10 10 4 3 
Obs880 880 1 1 0 3 1 3 7 3 10 1 28 3.9 8 15 2 0 0 2 10 3 60 5 0 31 2 0 2 1 5 80 5 3 
Obs881 881 1 1 1 2 1 0 0 5 8 1 33 3 10 20 11 1 0 5 10 10 90 5 0 180 0 0 0 10 0 100 9 3 
Obs882 882 1 1 0 2 1 4 7 0 3 0 28 2.7 2 1 14 3 4 1 3 10 100 2 10 60 3 0 4 3 10 30 7 3 
Obs883 883 1 1 0 2 1 0 0 8 9 1 29 3.6 8 4 10 4 5 2 2 5 100 6 5 75 7 1 3 9 0 100 9 3 
Obs884 884 1 1 1 2 1 0 0 6 4 0 27 2 20 20 6 1 5 10 5 8 200 5 10 80 6 1 10 9 10 0 6 3 
Obs885 885 0 0 0 1 1 0 0 8 5 0 26 3 1 4 0 0 2 6 1 5 80 1 10 70 6 0 5 8 25 20 7 3 
Obs886 886 1 1 0 0 0 3 0 7 5 1 32 3.8 0 0 0 0 5 2 8 7 1000 5 1 500 4 1 3 10 0 100 7 3 
Obs887 887 1 1 0 3 1 1 0 4 7 1 26 3.6 1 0 2 2 3 3 6 10 250 2 6 80 1 0 5 10 20 40 10 3 
Obs888 888 0 0 0 3 0 4 2 8 7 1 34 3.4 6 0 0 2 7 5 10 9 1000 5 10 500 2 0 7 8 10 100 8 3 
Obs889 889 0 0 1 3 1 2 5 6 7 1 24 3.2 6 8 0 0 7 10 5 7 600 5 10 45 3 0 5 6 0 100 8 3 
Obs890 890 1 1 1 2 1 0 1 3 7 0 24 4 10 2 0 1 9 3 8 7 80 5 3 400 3 0 6 10 0 100 8 3 
Obs891 891 0 0 0 3 1 0 0 8 6 1 30 3.8 0 0 0 0 5 1 2 5 100 6 10 32 6 0 5 10 0 30 3 3 
Obs892 892 1 1 0 1 1 0 7 0 8 0 32 3.6 0 0 1 0 18 5 3 4 150 2 6 200 2 2 4 8 0 100 0 3 
Obs893 893 1 1 0 2 1 0 0 5 3 1 29 3.3 3 0 4 0 5 3 10 8 900 6 9 500 5 2 4 10 0 80 3 3 
Obs894 894 1 1 0 3 1 1 5 3 0 0 22 2.9 3 3 0 1 4 3 5 7 80 5 10 10 1 5 5 10 0 0 10 3 
Obs895 895 0 0 1 3 1 2 7 0 0 0 20 2.8 10 4 10 1 1 3 6 8 90 2 6 30 0 0 0 6 10 0 8 3 
Obs896 896 1 1 0 2 1 2 0 2 0 1 27 3.1 8 5 0 0 2 8 3 5 100 5 10 60 3 0 6 9 0 100 3 3 
Obs897 897 0 0 0 3 0 3 0 1 1 0 13 3.3 3 3 16 4 4 2 3 8 100 5 4 1000 2 3 2 3 10 20 1 3 
Obs898 898 1 1 0 3 0 3 7 1 5 1 34 3.9 0 0 0 0 0 3 4 10 150 5 0 68 5 5 2 4 0 100 3 3 
Obs899 899 1 1 0 2 1 4 2 3 0 1 25 3.7 5 2 0 1 4 3 5 5 90 5 5 130 5 0 1 9 0 40 4 3 
Obs900 900 0 0 0 2 1 0 0 1 5 1 24 3.6 4 5 0 0 1 1 3 3 100 5 5 160 4 0 10 7 10 90 8 3 
Obs901 901 1 1 0 1 0 3 6 0 2 1 32 4 0 0 0 0 7 2 4 5 50 5 2 50 5 0 4 6 0 100 3 3 
Obs902 902 1 1 1 0 1 0 6 0 0 1 28 3.9 5 5 1 4 4 3 10 2 50 5 10 85 5 4 6 5 10 100 7 3 
Obs903 903 1 1 0 3 1 2 5 4 10 1 28 4 5 4 2 1 4 2 7 7 89 5 7 32 8 0 8 10 15 20 8 3 
Obs904 904 0 0 0 2 1 0 7 0 2 1 24 3.6 4 14 6 2 4 1 2 6 180 2 10 200 2 0 3 7 0 90 7 3 
Obs905 905 1 1 0 2 1 0 6 1 6 1 33 2.7 3 5 9 1 1 5 4 6 100 5 10 300 0 0 4 7 0 90 10 3 
Obs906 906 1 1 0 2 1 3 0 4 7 1 27 3.2 2 5 0 0 1 10 2 10 100 5 3 10 4 0 0 3 0 100 1 3 
Obs907 907 1 1 0 2 1 4 6 1 7 1 33 3.4 0 0 0 0 4 3 7 6 200 5 5 89 4 0 3 7 0 100 8 3 
Obs908 908 0 0 0 2 0 0 0 7 8 1 32 2.6 6 7 1 1 3 2 4 7 100 6 10 38 5 5 5 10 0 0 8 3 
Obs909 909 1 1 0 2 1 0 7 0 0 1 30 3.7 1 1 1 1 3 2 4 5 90 2 8 250 0 5 3 7 15 90 10 3 
Obs910 910 1 1 0 2 1 0 0 8 9 1 35 3.4 10 10 1 3 2 2 7 4 110 5 10 250 3 0 3 10 0 50 7 3 
Obs911 911 0 0 1 2 1 0 6 1 2 1 34 3.4 5 12 5 1 2 2 2 3 70 2 10 120 0 5 7 7 10 30 6 3 
Obs912 912 0 0 1 2 1 2 0 9 7 1 24 2.5 12 25 6 3 3 5 7 5 125 2 10 60 0 0 2 10 10 30 0 3 
Obs913 913 1 1 0 2 0 4 3 4 6 1 27 3.5 8 0 0 2 4 10 8 6 100 5 4 300 5 0 8 8 10 90 8 3 
Obs914 914 1 1 0 2 1 0 0 1 0 0 25 3.4 7 3 2 2 1 4 3 4 80 2 10 200 1 0 5 4 0 30 5 3 
Obs915 915 0 1 0 2 1 3 0 7 4 1 21 3.2 0 0 0 0 1 4 4 6 90 5 6 100 3 0 5 3 0 90 8 3 
Obs916 916 1 1 0 2 1 3 7 0 6 1 33 3.4 10 5 0 0 2 4 5 6 125 6 2 200 3 0 5 8 15 90 8 3 
Obs917 917 1 1 1 3 1 0 0 8 5 0 22 3.4 24 10 0 0 7 10 14 6 60 2 10 40 4 0 3 7 0 60 5 3 
Obs918 918 0 2 1 3 0 5 5 10 10 0 12 4 48 39 36 16 28 10 27 9 99999 1 0 0.05 0 4 1 7 35 100 0 3 
Obs919 919 1 1 0 1 1 0 6 3 0 0 26 3.6 0 2 1 0 7 3 4 1 80 5 10 200 9 0 4 6 0 90 5 3 
Obs920 920 1 1 0 3 1 1 7 2 7 1 25 3.7 3 0 4 1 1 5 1 0 85 2 10 16 2 0 5 8 10 0 10 3 
Obs921 921 1 1 0 2 1 2 7 0 7 1 22 3.6 0 0 1 2 2 1 5 5 80 5 5 150 3 0 7 8 10 50 5 3 
Obs922 922 1 1 0 3 1 0 0 1 0 0 29 4 2 1 0 1 6 1 3 6 45 5 5 80 5 0 4 9 0 0 7 3 
Obs923 923 1 1 1 1 1 0 0 5 3 1 25 3.4 5 5 2 2 4 3 5 0 75 5 10 100 5 5 3 8 0 100 9 3 
Obs924 924 1 1 0 2 1 0 5 4 2 0 22 3.4 6 15 6 3 14 5 6 5 150 5 0 100 9 1 8 10 0 100 5 3 
Obs925 925 1 1 0 2 1 3 0 2 6 1 33 3.7 0 0 0 0 2 2 4 5 90 5 8 45 1 5 2 7 20 0 7 3 
Obs926 926 1 1 1 1 1 3 0 7 3 1 26 2.1 1 1 1 1 0 3 2 2 80 2 9 100 3 0 5 2 5 80 4 3 
Obs927 927 1 1 1 3 1 1 0 2 5 1 30 3.9 1 0 1 1 16 5 3 5 80 5 10 27 4 0 8 10 5 0 3 3 
Obs928 928 0 0 0 0 1 3 0 7 7 1 18 3 1 0 0 1 5 3 2 7 700 5 10 500 4 0 7 8 0 100 7 3 
Obs929 929 0 0 0 3 0 3 7 0 8 1 33 3.1 4 2 4 5 1 2 5 7 150 5 5 250 4 0 4 8 0 100 6 3 
Obs930 930 0 0 1 0 1 0 0 3 5 1 33 3.7 6 12 23 1 10 4 6 8 350 1 7 170 8 1 7 10 0 20 7 3 
Obs931 931 0 0 0 2 1 3 0 10 3 1 27 3.8 0 0 0 1 2 2 5 8 100 5 10 500 5 5 10 10 0 10 5 3 
Obs932 932 1 1 1 1 1 0 0 3 0 1 24 3.7 15 12 7 1 1 1 15 5 200 5 10 300 4 1 3 8 5 90 0 3 
Obs933 933 0 0 1 2 1 0 0 0 7 1 31 3 18 30 16 0 1 6 5 10 200 6 5 70 8 1 5 7 0 90 7 3 
Obs934 934 1 1 1 0 1 0 0 1 0 1 30 3.7 10 15 2 2 2 2 6 8 80 1 5 200 7 1 0 9 5 100 8 3 
Obs935 935 0 0 1 1 0 4 7 2 6 1 35 3.6 6 8 0 0 1 4 3 7 90000 5 8 200 4 2 5 5 0 60 4 3 
Obs936 936 0 0 0 0 1 1 6 0 3 0 19 2.7 2 0 0 2 3 7 1 7 90 5 8 75 5 0 10 10 0 90 7 3 
Obs937 937 1 1 0 3 1 1 0 10 7 1 25 3 0 0 0 0 7 1 9 2 300 5 10 10 6 0 7 8 30 0 9 3 
Obs938 938 0 0 0 2 0 3 7 0 5 1 31 3.6 3 1 3 3 1 3 7 10 20000 5 5 10000 4 5 4 5 0 100 0 3 
Obs939 939 1 1 0 3 0 3 4 2 8 1 31 3.4 1 0 1 1 1 1 3 5 100 5 5 30 4 5 5 4 0 100 3 3 
Obs940 940 0 0 1 1 1 0 0 5 3 1 27 3.6 0 0 0 0 2 2 3 5 100 5 8 100 6 1 6 8 0 30 7 3 
Obs941 941 1 1 0 1 0 3 0 6 0 1 32 3.8 15 3 1 2 10 5 5 10 10000 5 10 10000 8 1 5 10 0 100 10 3 
Obs942 942 1 1 0 3 0 3 7 5 8 1 31 3.7 10 0 0 3 3 9 10 8 10000 6 7 200 6 1 4 9 10 100 8 3 
Obs943 943 1 1 1 0 1 0 0 7 9 1 26 3.7 24 35 1 2 7 3 5 4 500 5 4 300 4 1 6 10 0 100 7 3 
Obs944 944 0 0 0 2 0 5 7 0 7 1 34 4 2 5 1 1 7 4 10 7 250 5 5 1500 1 0 5 7 0 100 4 3 
Obs945 945 0 0 1 1 1 5 2 10 10 1 12 1 39 18 18 0 18 10 17 10 99999 5 10 0 10 4 9 1 50 90 9 3 
Obs946 946 1 1 1 2 1 2 5 5 6 1 25 3.2 4 5 0 0 2 5 7 5 350 5 10 75 3 0 7 8 20 20 9 3 
Obs947 947 1 1 1 2 1 0 0 4 3 0 31 3.7 7 15 1 2 3 3 6 5 55 5 6 65 3 0 4 6 15 90 8 3 
Obs948 948 1 1 0 0 1 0 0 6 0 0 27 3.5 3 5 0 2 4 2 3 5 80 1 0 250 8 1 5 7 25 20 8 3 
Obs949 949 1 1 1 2 1 0 6 4 5 1 27 3.3 8 30 0 0 0 2 5 5 100 5 5 120 4 0 3 5 5 70 8 3 
Obs950 950 1 1 0 2 1 0 6 4 7 1 27 3.6 0 0 0 0 3 1 2 7 56 5 6 70 4 4 7 4 0 90 6 3 
Obs951 951 0 0 1 2 1 0 1 4 2 0 24 3.8 2 3 7 4 3 2 4 6 250 1 0 180 7 1 3 8 0 100 10 3 
Obs952 952 1 1 0 3 1 1 6 5 7 1 26 3.5 5 1 0 0 10 2 6 5 300 5 7 150 2 0 5 8 10 90 5 3 
Obs953 953 1 1 1 2 1 0 0 7 1 1 30 3.1 7 7 1 1 7 3 9 5 250 5 10 45 5 0 5 10 0 100 5 3 
Obs954 954 1 1 0 1 1 1 0 7 6 0 28 3.1 0 1 0 0 2 3 6 0 80 2 10 170 5 2 6 10 30 20 6 3 
Obs955 955 1 1 0 3 1 0 0 2 0 0 28 1.3 3 5 10 5 5 1 1 5 80 5 10 70 2 0 6 7 20 0 0 3 
Obs956 956 1 1 0 0 1 0 0 1 5 1 25 3.4 0 0 2 1 1 2 1 5 85 5 10 80 5 0 5 7 15 80 6 3 
Obs957 957 1 1 1 0 1 0 0 5 2 0 21 3.8 3 3 20 4 7 4 3 7 80 5 10 100 7 1 6 10 0 10 5 3 
Obs958 958 1 1 0 3 0 3 5 6 8 1 30 3.8 0 0 0 0 5 2 2 8 500 5 7 150 5 5 7 9 0 100 5 3 
Obs959 959 1 1 0 3 1 1 0 10 5 0 21 2.9 0 0 0 1 5 1 1 5 100 2 10 10 0 0 5 5 20 0 10 3 
Obs960 960 1 1 0 0 1 3 0 1 0 0 23 3 0 0 0 0 8 4 4 6 47 6 3 65 1 0 0 10 0 70 9 3 
Obs961 961 1 1 1 3 1 2 0 6 0 0 22 3 4 4 1 0 10 5 6 5 100 2 8 30 2 0 5 9 0 100 7 3 
Obs962 962 1 1 0 1 1 4 0 8 5 1 24 3.7 1 0 0 0 7 3 10 7 300 5 10 30 3 0 4 8 10 70 2 3 
Obs963 963 1 1 0 0 1 0 0 8 8 1 31 3.8 0 0 0 0 1 3 5 3 150 1 5 175 6 2 4 9 0 80 8 3 
Obs964 964 1 1 0 0 1 0 0 7 7 0 28 4 0 0 0 0 3 3 4 5 100 5 3 175 5 2 3 8 0 50 0 3 
Obs965 965 1 1 1 3 0 0 6 1 5 1 30 2.5 5 5 1 1 1 6 11 5 100 5 9 70 0 4 1 10 0 100 5 3 
Obs966 966 1 1 0 2 1 0 0 6 0 1 29 3.8 7 10 5 0 9 2 5 5 60 2 10 50 1 0 5 8 15 80 2 3 
Obs967 967 0 0 0 3 0 3 4 3 4 1 32 3.5 4 3 3 2 3 2 15 5 300 5 4 250 2 0 6 8 5 90 7 3 
Obs968 968 1 1 0 3 1 2 5 6 7 0 19 3.8 0 0 1 1 2 6 4 8 12 5 5 10 5 0 8 8 10 50 6 3 
Obs969 969 1 1 0 1 1 0 0 3 7 1 27 3.4 3 1 5 2 3 4 3 8 70 5 2 96 5 2 8 10 10 90 9 3 
Obs970 970 1 1 0 3 1 1 0 5 3 0 19 3.4 0 0 0 0 2 4 2 3 80 5 10 60 4 0 4 4 15 0 10 3 
Obs971 971 1 1 0 2 1 0 1 4 0 1 27 3.9 4 3 1 1 15 5 3 1 85 6 7 150 1 0 5 9 0 100 10 3 
Obs972 972 1 1 0 2 1 5 0 5 4 1 23 2.7 0 0 50 2 4 2 4 0 60 6 10 20 6 0 7 8 10 10 5 3 
Obs973 973 0 0 1 1 1 0 1 3 0 0 26 2.7 6 14 5 3 4 2 10 1 60 2 6 200 7 0 5 10 30 80 5 3 
Obs974 974 0 0 0 0 1 0 0 9 5 1 24 3.6 10 10 2 2 2 1 4 2 70 2 3 110 7 0 6 10 0 60 10 3 
Obs975 975 1 1 0 2 1 5 6 0 9 1 23 3.4 3 3 0 3 1 10 2 5 120 6 5 63 3 0 7 6 0 20 6 3 
Obs976 976 0 0 0 3 0 3 7 0 8 1 32 3.5 1 0 1 1 1 2 5 8 130 6 5 0 5 5 5 7 0 80 7 3 
Obs977 977 0 0 0 2 1 0 0 7 7 0 26 3.7 0 0 0 0 7 2 3 5 110 5 7 225 5 4 5 10 0 100 8 3 
Obs978 978 1 1 0 2 1 3 0 5 8 0 20 2.8 3 3 11 1 4 10 10 5 50 6 10 50 3 0 5 10 25 100 3 3 
Obs979 979 1 1 0 0 1 0 7 0 3 0 21 3.2 0 0 1 1 1 7 2 0 100 5 10 42 0 4 5 5 0 100 10 3 
Obs980 980 0 0 0 2 1 3 0 0 8 1 30 3.4 0 2 3 1 1 1 6 10 1500 5 10 50 5 5 9 9 0 0 7 3 
Obs981 981 0 0 0 0 1 5 0 7 8 1 35 3.7 0 0 0 0 0 0 0 10 900 2 5 80 5 0 5 9 20 40 10 3 
Obs982 982 1 1 0 1 1 1 0 7 1 1 18 3.3 0 0 4 0 10 5 2 7 60 6 3 10 5 0 0 5 0 0 4 3 
Obs983 983 0 0 0 2 1 3 4 1 4 1 33 3.4 0 0 0 0 5 5 3 1 45 5 5 40 4 0 5 7 0 100 6 3 
Obs984 984 1 1 1 1 1 0 0 9 3 0 24 3.8 3 2 3 3 10 1 3 0 80 6 6 41 5 5 3 8 0 10 3 3 
Obs985 985 0 0 0 1 1 0 0 5 7 1 31 2.6 4 4 12 2 3 1 5 6 999 6 10 80 5 5 9 8 0 50 8 3 
Obs986 986 0 0 1 1 1 0 0 7 6 1 32 3.9 6 6 10 3 3 3 20 3 100 1 3 250 9 1 3 8 35 90 5 3 
Obs987 987 1 1 0 2 0 3 4 0 7 1 28 3.5 0 0 0 3 10 7 2 5 500 5 10 40 3 5 5 10 10 100 7 3 
Obs988 988 1 1 1 2 1 0 0 3 2 1 26 2.5 10 10 3 1 7 4 7 6 200 5 8 300 7 1 7 9 0 90 4 3 
Obs989 989 1 1 1 0 1 0 0 5 4 1 29 3.8 5 5 2 2 2 5 10 5 100 5 9 200 0 0 4 10 0 100 8 3 
Obs990 990 1 1 0 2 1 1 0 3 7 1 30 3 3 6 0 2 1 1 5 2 60 2 10 120 1 0 4 9 0 0 3 3 
Obs991 991 1 1 1 3 1 1 0 3 1 1 28 3.1 2 0 2 1 12 5 4 3 130 5 10 15 3 0 5 10 15 10 3 3 
Obs992 992 0 0 1 2 1 0 5 4 7 1 31 3 8 20 50 2 5 2 5 6 120 6 7 120 3 2 7 9 15 70 3 3 
Obs993 993 0 0 0 3 1 5 5 0 10 1 18 2.4 15 7 17 1 7 2 5 1 800 6 4 60 4 5 4 5 30 60 5 3 
Obs994 994 1 1 1 2 1 0 0 4 1 1 21 3.3 12 10 2 1 5 8 4 5 100 2 4 150 2 0 2 7 15 50 8 3 
Obs995 995 1 1 0 2 1 0 0 5 5 0 22 1.9 8 13 2 2 4 4 3 5 150 5 0 89 5 0 3 8 0 90 1 3 
Obs996 996 0 0 1 1 1 0 5 7 7 0 26 3.5 12 45 1 1 6 2 9 5 120 5 8 45 5 5 3 8 0 60 0 3 
Obs997 997 1 1 0 3 0 3 7 0 6 0 29 3.8 1 0 0 1 7 1 9 4 36 6 7 160 3 0 3 9 0 100 6 3 
Obs998 998 0 0 0 0 1 0 1 1 4 1 28 3.5 0 0 2 1 5 3 2 6 150 5 10 100 2 0 5 4 0 30 4 3 
Obs999 999 0 0 0 1 1 5 7 0 4 0 28 3.7 9 10 11 4 3 2 2 10 100 6 10 25 4 0 1 6 20 0 3 3 
Obs1000 1000 0 0 0 0 1 2 3 5 6 1 36 1.4 31 9 5 6 5 5 32 2 10 3 1 1000 6 3 9 5 5 30 6 3 
Obs1001 1001 0 0 1 0 1 2 0 2 8 1 26 3.6 3 12 18 2 3 5 3 7 100 2 8 35 5 0 10 8 10 100 7 3 
Obs1002 1002 1 1 0 1 1 0 0 7 4 1 29 3.7 0 0 0 0 1 2 3 0 50 5 5 100 6 1 8 10 0 100 7 3 
Obs1003 1003 0 0 0 3 0 3 1 5 8 1 32 3.9 1 0 2 0 4 5 5 0 100 5 2 200 3 5 5 8 0 100 5 3 
Obs1004 1004 1 1 0 2 1 0 0 8 5 1 32 3.8 0 2 0 0 3 3 5 2 60 5 10 150 6 1 5 4 5 10 10 3 
Obs1005 1005 1 1 0 2 1 0 6 0 1 0 24 3.3 0 2 1 1 7 2 2 6 80 6 10 30 1 4 4 4 15 0 2 3 
Obs1006 1006 1 1 0 3 1 2 0 5 8 0 25 3.5 4 7 3 3 15 10 6 4 80 5 10 23 3 0 6 4 25 0 5 3 
Obs1007 1007 1 1 1 2 1 0 0 7 5 0 25 3.1 9 8 4 2 3 2 4 2 100 5 6 170 5 1 5 4 0 40 7 3 
Obs1008 1008 0 0 0 3 0 3 6 1 6 1 34 3.8 1 0 1 1 1 3 5 6 100 5 2 72 5 2 5 6 5 100 4 3 
Obs1009 1009 1 1 0 1 1 1 0 8 5 0 26 3.7 3 0 1 1 15 6 3 5 200 5 10 150 2 0 6 9 0 0 7 3 
Obs1010 1010 0 0 1 0 1 5 0 7 4 1 20 2.3 2 42 31 0 3 3 2 10 300 1 0 50 10 1 5 3 25 0 10 3 
Obs1011 1011 1 1 0 2 1 0 0 2 2 1 28 2.7 1 6 3 0 4 6 6 0 85 6 5 180 5 2 5 8 10 100 3 3 
Obs1012 1012 1 1 0 3 1 1 0 3 7 1 23 2.9 0 0 1 0 10 10 3 0 150 2 10 50 0 0 3 10 15 0 7 3 
Obs1013 1013 1 1 1 0 1 0 0 8 5 1 22 3.2 15 30 2 2 2 3 3 5 150 1 10 400 7 1 5 9 0 30 9 3 
Obs1014 1014 1 1 0 3 0 4 3 5 8 1 25 3.9 8 0 0 1 9 7 4 5 100 5 2 300 2 0 7 10 10 100 9 3 
Obs1015 1015 0 0 0 0 1 2 7 0 8 1 26 3.2 0 0 3 0 3 4 7 5 80 1 8 45 5 1 4 9 15 0 8 3 
Obs1016 1016 1 1 0 2 1 0 0 2 2 1 26 3 5 3 3 1 2 2 2 10 80 2 10 100 3 4 0 4 0 100 0 3 
Obs1017 1017 1 1 0 1 0 3 4 6 5 1 28 4 0 0 1 1 2 2 5 6 100 5 8 300 8 2 5 7 5 100 9 3 
Obs1018 1018 1 1 0 2 1 2 0 3 7 1 25 3.4 2 5 1 1 3 2 6 9 140 5 10 50 4 0 3 9 0 0 10 3 
Obs1019 1019 1 1 0 3 1 0 0 4 9 1 23 3.7 15 22 1 0 7 4 5 5 80 5 5 130 5 2 2 10 0 50 10 3 
Obs1020 1020 1 1 0 3 1 1 0 3 8 1 23 3.4 0 0 0 0 4 3 2 0 700 5 4 33 2 0 2 7 10 10 8 3 
Obs1021 1021 1 1 0 1 1 3 0 5 5 1 26 4 0 0 0 0 7 3 5 5 120 5 10 42 5 5 5 10 10 0 9 3 
Obs1022 1022 1 1 1 1 1 1 0 9 8 0 25 3.7 3 1 6 0 1 2 3 8 300 2 9 25 8 0 6 6 0 0 10 3 
Obs1023 1023 1 1 0 2 0 0 6 2 1 0 30 3.5 5 5 2 2 3 2 3 2 70 4 10 80 3 2 5 5 40 0 6 3 
Obs1024 1024 1 1 1 2 1 3 6 0 8 1 29 3.7 0 0 1 1 1 2 5 7 90 5 4 150 1 0 0 9 0 90 7 3 
Obs1025 1025 0 0 0 1 1 2 5 5 7 1 21 2.8 1 1 0 0 6 2 3 3 70 6 10 20 8 0 7 9 25 0 4 3 
Obs1026 1026 0 0 0 2 1 4 4 7 8 1 29 2.7 3 2 0 1 2 4 5 5 500 5 4 80 5 3 10 9 5 50 4 3 
Obs1027 1027 0 0 1 2 1 0 0 1 8 1 27 2.2 6 22 1 1 3 1 15 10 100 5 4 350 5 5 3 6 30 10 4 3 
Obs1028 1028 0 0 0 3 1 0 0 7 7 1 31 3.6 8 20 4 3 2 3 4 10 120 1 10 65 7 1 5 8 5 50 10 3 
Obs1029 1029 0 0 0 2 1 3 4 0 9 1 24 2.7 0 2 0 1 2 2 2 7 120 6 5 110 5 2 7 10 0 30 8 3 
Obs1030 1030 0 0 0 2 1 4 7 0 8 1 26 3.8 1 0 0 1 2 2 8 8 150 5 4 45 4 0 4 5 0 100 3 3 
Obs1031 1031 1 1 0 2 1 0 7 1 6 0 32 3.7 12 16 5 1 1 4 3 6 90 5 7 90 3 0 4 6 15 10 7 3 
Obs1032 1032 1 1 1 2 1 0 0 9 5 0 29 3.4 15 20 6 1 1 5 17 8 200 6 0 300 3 0 5 4 20 50 5 3 
Obs1033 1033 0 0 0 0 1 0 6 1 7 1 33 3.7 8 8 10 3 1 2 3 4 120 2 8 200 3 0 4 8 0 80 10 3 
Obs1034 1034 0 0 0 0 1 0 0 2 10 1 28 3.9 4 2 0 0 2 1 4 8 200 5 10 300 7 2 1 9 0 100 6 3 
Obs1035 1035 1 1 0 0 1 0 0 7 5 1 26 3.4 10 3 0 0 3 6 7 0 80 1 3 100 7 1 3 10 0 100 10 3 
Obs1036 1036 1 1 1 1 1 0 0 6 1 1 28 2.6 2 10 2 0 3 5 7 8 1000 5 5 1000 3 0 3 10 20 100 6 3 
Obs1037 1037 1 1 0 3 0 3 5 3 4 1 35 3.4 6 3 2 4 3 2 4 4 10 2 2 10 3 2 1 7 15 30 7 3 
Obs1038 1038 0 0 1 1 0 3 7 1 6 1 29 3.9 0 0 0 0 1 3 2 8 100 5 8 200 5 0 5 7 0 100 6 3 
Obs1039 1039 0 0 0 3 0 3 6 0 8 1 24 2.8 0 0 2 2 0 2 2 5 50 5 2 600 3 0 1 8 0 100 8 3 
Obs1040 1040 0 0 1 1 1 0 0 8 1 1 25 3.2 6 20 12 1 20 6 6 5 250 5 5 200 5 5 5 10 0 50 7 3 
Obs1041 1041 0 0 0 3 1 0 6 0 8 1 34 3.8 6 8 1 2 0 3 8 0 200 5 0 80 3 0 5 1 0 10 9 3 
Obs1042 1042 0 0 0 2 1 0 7 0 0 1 20 3.3 4 2 1 2 2 1 5 10 70 5 0 120 5 0 6 2 20 100 5 3 
Obs1043 1043 0 0 0 2 1 0 0 4 3 0 29 3.6 7 3 0 0 5 1 7 7 100 5 3 100 4 0 7 8 0 100 5 3 
Obs1044 1044 1 1 1 1 1 0 0 7 7 0 23 3 10 10 0 0 4 3 8 5 100 5 4 120 8 1 5 10 0 100 8 3 
Obs1045 1045 0 0 0 3 0 3 5 1 2 1 31 3.8 3 0 1 4 1 10 5 5 500 5 5 100 2 0 5 8 0 100 3 3 
Obs1046 1046 0 0 1 3 0 3 7 1 9 1 34 3.4 5 20 7 1 4 1 4 10 200 5 10 100 5 5 5 8 0 100 8 3 
Obs1047 1047 1 1 0 3 1 2 0 7 8 1 27 4 5 6 0 0 9 6 7 5 109 5 7 30 7 0 5 7 10 0 5 3 
Obs1048 1048 1 1 0 2 1 0 6 0 7 1 26 3.7 0 1 5 1 2 5 3 3 50 5 10 200 5 0 3 8 0 100 6 3 
Obs1049 1049 1 1 1 2 1 3 7 0 6 1 31 2.8 10 10 8 1 1 5 6 8 80 6 6 60 3 0 5 8 10 100 8 3 
Obs1050 1050 0 0 0 2 1 0 0 5 5 1 32 4 12 5 0 0 2 1 4 7 100 5 3 175 9 1 6 10 5 70 6 3 
Obs1051 1051 0 0 1 2 1 3 0 7 8 1 31 3.4 10 20 2 0 0 4 4 5 200 6 10 200 5 0 5 9 10 30 7 3 
Obs1052 1052 1 1 0 2 1 4 2 8 3 1 28 2.7 4 3 0 0 7 6 4 10 200 5 10 190 5 0 5 6 10 10 10 3 
Obs1053 1053 1 1 0 1 1 5 7 1 4 0 22 3.6 1 1 8 2 3 1 1 8 50 3 2 30 5 2 8 3 25 80 7 3 
Obs1054 1054 1 1 0 3 1 4 2 4 10 1 24 3.1 3 5 0 1 0 3 3 10 175 5 10 25 1 0 5 8 0 0 0 3 
Obs1055 1055 1 1 0 3 1 2 5 6 4 1 28 3.4 0 0 3 1 3 2 1 7 100 5 9 30 2 0 5 7 15 10 8 3 
Obs1056 1056 1 1 0 2 1 2 0 7 6 1 28 3.5 0 0 0 0 2 3 2 10 80 5 0 20 5 4 5 5 10 0 9 3 
Obs1057 1057 1 1 0 2 1 2 0 2 1 0 24 3 2 2 22 3 4 3 8 10 200 6 10 70 0 1 10 10 0 50 3 3 
Obs1058 1058 1 1 1 2 1 0 0 5 2 0 24 3.6 10 8 2 0 2 4 7 1 90 5 7 80 3 5 4 8 0 0 7 3 
Obs1059 1059 0 0 0 0 1 5 6 1 10 1 24 3.4 4 4 1 2 3 1 4 10 135 1 0 200 7 2 7 8 0 60 7 3 
Obs1060 1060 1 1 0 3 0 3 0 5 8 0 31 3.1 0 0 0 0 1 1 0 5 10 5 5 10 5 5 8 9 0 30 9 3 
Obs1061 1061 1 1 0 2 1 3 4 3 5 1 34 4 5 10 0 0 3 3 5 5 50 5 8 70 2 0 4 7 0 100 10 3 
Obs1062 1062 1 1 1 1 1 0 0 7 7 1 29 3.6 16 20 5 1 5 5 3 5 50 1 1 85 8 1 4 9 0 100 8 3 
Obs1063 1063 0 0 0 3 0 3 7 0 5 1 33 2.8 5 4 5 3 1 3 3 7 10000 5 5 1000 5 0 3 8 0 100 10 3 
Obs1064 1064 0 0 0 1 1 3 0 7 9 1 29 3.1 0 0 0 0 2 1 7 8 1000 5 4 100 5 5 5 9 0 30 5 3 
Obs1065 1065 1 1 1 2 1 0 0 0 5 1 32 4 10 3 1 1 5 4 7 7 120 5 10 60 3 0 5 7 0 80 2 3 
Obs1066 1066 1 1 0 1 1 1 7 1 3 0 20 3.3 3 10 0 0 2 7 4 5 100 5 9 45 2 0 7 7 5 10 9 3 
Obs1067 1067 0 0 0 3 0 4 3 2 8 1 34 3.3 3 5 2 5 2 5 4 8 90000 5 1 500 2 0 8 1 0 100 3 3 
Obs1068 1068 0 0 0 3 0 3 7 0 10 1 34 4 2 0 1 3 2 1 4 5 400 5 5 100 5 2 5 5 0 100 10 3 
Obs1069 1069 0 0 0 3 0 3 7 0 5 1 27 3.2 0 0 0 0 2 2 2 4 70 5 7 100 4 0 6 9 0 100 2 3 
Obs1070 1070 1 1 0 2 1 0 0 0 4 1 31 3.8 8 20 3 1 3 4 10 2 250 5 10 25 2 0 7 5 0 80 4 3 
Obs1071 1071 1 1 1 1 1 0 0 7 1 0 24 3 4 10 39 4 1 5 5 10 30 2 10 65 0 0 3 8 10 0 8 3 
Obs1072 1072 0 0 1 2 0 3 7 0 4 1 22 2.8 10 7 8 6 5 3 18 7 100 4 8 10000 8 3 8 4 25 50 6 3 
Obs1073 1073 1 1 0 3 0 3 6 1 1 1 30 3.8 1 0 0 0 2 10 2 5 500 5 5 100 5 5 6 9 0 30 4 3 
Obs1074 1074 1 1 0 2 1 2 0 8 2 0 17 3.2 0 0 4 2 7 5 3 7 90 2 10 41 1 0 5 10 0 10 9 3 
Obs1075 1075 1 1 0 2 1 5 7 0 7 1 25 3.9 0 0 0 1 2 5 4 5 125 6 0 180 4 0 5 8 0 90 8 3 
Obs1076 1076 1 1 1 0 1 0 0 7 6 1 28 3.5 6 7 1 1 2 2 7 5 100 5 8 125 4 5 7 8 0 50 8 3 
Obs1077 1077 1 1 0 1 1 1 0 4 0 0 24 3.7 3 2 1 0 1 3 20 8 100 5 10 80 8 0 4 4 15 20 1 3 
Obs1078 1078 1 1 1 1 1 3 4 5 7 1 23 1.8 5 4 3 1 2 8 5 7 60 5 4 80 5 0 5 8 15 100 4 3 
Obs1079 1079 1 1 1 0 1 0 5 2 5 1 28 3.5 7 20 0 1 1 2 7 10 900 5 10 300 8 0 7 7 15 90 5 3 
Obs1080 1080 0 0 0 2 1 5 3 5 10 1 28 3.4 1 0 2 2 7 2 2 6 200 6 5 180 4 0 3 8 0 80 7 3 
Obs1081 1081 1 1 1 2 1 0 0 3 8 1 25 3.2 6 8 6 0 3 4 8 6 90 6 3 300 3 0 5 7 25 50 9 3 
Obs1082 1082 0 0 0 2 1 3 6 0 6 0 31 2.8 0 0 0 1 2 1 3 7 100 5 10 94 5 2 8 4 0 100 4 3 
Obs1083 1083 1 1 0 1 1 1 0 7 10 1 22 3.5 1 2 4 1 1 3 2 8 100 5 6 60 5 0 7 8 10 0 5 3 
Obs1084 1084 1 1 0 3 1 1 5 1 5 0 21 3.3 4 0 10 3 3 6 7 5 100 5 10 65 2 0 3 9 10 80 3 3 
Obs1085 1085 0 0 0 2 1 4 7 2 8 1 33 3.9 2 0 1 1 0 2 3 5 2000 6 8 50 2 0 4 7 0 100 10 3 
Obs1086 1086 1 1 0 2 1 0 1 9 4 0 26 3.8 4 7 0 0 3 4 11 5 85 6 10 40 5 5 5 9 15 30 7 3 
Obs1087 1087 1 1 0 2 1 0 7 0 9 1 29 3.2 6 8 1 1 3 5 8 3 200 5 6 70 5 5 5 2 0 20 2 3 
Obs1088 1088 0 0 0 0 1 0 0 7 10 1 33 3.8 0 0 1 1 0 1 2 8 140 6 2 85 5 2 3 8 20 0 10 3 
Obs1089 1089 0 1 0 2 1 0 6 3 5 1 29 3.9 2 4 2 3 0 1 2 3 70 2 8 100 1 0 5 7 0 90 9 3 
Obs1090 1090 1 1 0 0 1 0 0 7 0 1 22 2.2 0 1 13 4 1 2 2 6 55 4 7 53 4 4 5 10 5 0 9 3 
Obs1091 1091 0 0 0 3 0 4 2 7 5 1 28 3.5 8 50 50 0 3 3 2 8 100 5 0 300 1 0 7 9 0 100 3 3 
Obs1092 1092 1 1 0 2 1 3 0 0 0 1 27 3.4 0 0 0 0 1 2 4 9 90 6 0 40 5 0 3 5 10 10 1 3 
Obs1093 1093 0 0 0 2 1 3 6 3 7 1 35 3.7 1 1 1 1 1 3 2 10 10000 5 6 200 3 0 3 6 0 100 9 3 
Obs1094 1094 0 0 0 2 1 2 7 1 7 1 29 3.7 3 1 16 0 2 4 6 3 40 5 10 25 1 0 5 6 15 0 10 3 
Obs1095 1095 1 1 0 0 1 0 0 8 7 1 27 3.5 0 0 0 2 10 5 5 3 60 5 5 150 5 1 5 10 0 80 0 3 
Obs1096 1096 1 1 0 3 1 1 7 0 1 0 21 4 1 1 0 0 0 9 4 5 10 6 9 20 3 0 1 7 0 20 7 3 
Obs1097 1097 1 1 1 2 1 0 0 4 10 1 29 3.9 20 50 7 1 2 10 10 7 100 5 9 900 3 0 2 10 0 100 10 3 
Obs1098 1098 0 0 0 0 1 2 0 8 5 1 33 2.8 0 0 0 0 20 0 2 5 90 5 9 80 6 2 6 9 0 90 7 3 
Obs1099 1099 0 0 1 0 1 0 5 1 5 1 28 3.1 9 10 3 1 2 3 7 0 100 2 10 200 1 0 10 9 10 100 5 3 
Obs1100 1100 0 0 0 2 1 3 4 8 6 1 25 3.9 1 10 0 0 1 4 5 3 70 2 3 33 5 5 5 3 20 10 9 3 
Obs1101 1101 1 1 0 0 1 0 0 9 8 0 25 3.9 0 0 0 2 2 3 6 2 45 5 9 200 5 0 4 6 5 90 9 3 
Obs1102 1102 0 0 0 1 1 0 6 1 8 0 28 3.5 1 2 1 1 7 5 4 3 100 5 10 58 0 0 5 6 20 0 10 3 
Obs1103 1103 1 1 0 2 1 0 7 0 2 1 25 3.4 8 5 7 3 5 7 45 5 88 1 3 125 9 1 8 10 0 100 3 3 
Obs1104 1104 1 1 0 2 1 0 0 5 6 0 24 3 6 10 3 0 6 4 3 5 115 5 6 50 7 0 5 9 0 60 10 3 
Obs1105 1105 0 0 0 2 0 3 0 5 7 1 32 3.2 3 0 5 1 6 4 10 7 7000 2 5 120 6 0 8 7 50 100 8 3 
Obs1106 1106 0 0 1 2 1 0 0 6 1 0 30 3.3 20 29 5 2 1 1 5 5 200 2 6 500 3 0 3 9 25 100 3 3 
Obs1107 1107 1 1 0 2 1 3 6 1 5 1 33 3.9 8 8 10 1 1 3 1 8 120 2 10 20 1 0 5 7 10 0 1 3 
Obs1108 1108 1 1 1 0 1 0 0 6 0 0 32 3.4 17 20 8 1 3 4 4 7 200 5 4 200 2 0 0 9 0 100 9 3 
Obs1109 1109 1 1 0 2 1 5 5 1 0 0 19 3.2 0 0 1 2 6 2 2 5 110 5 7 100 3 0 3 10 0 0 2 3 
Obs1110 1110 1 1 0 1 1 2 0 8 4 1 29 2.8 3 3 1 3 3 3 1 5 100 2 10 100 3 0 0 8 20 30 6 3 
Obs1111 1111 0 0 0 1 0 3 7 5 7 1 27 2.1 1 2 4 2 1 1 2 4 5000 2 7 500 3 2 8 8 10 40 4 3 
Obs1112 1112 0 0 0 3 1 3 0 5 6 1 24 2.8 0 0 0 0 3 6 3 5 40 6 10 40 5 5 6 8 0 90 4 3 
Obs1113 1113 0 0 0 1 1 0 0 6 8 1 28 3.2 8 30 23 3 2 3 5 7 85 5 4 300 6 1 8 8 10 100 7 3 
Obs1114 0 0 0 0 0 0 0 0 0 0 0 0 0 0 0 0 0 0 0 0 0 0 0 0 0 0 0 0 0 0 0 0 0 
